((LD39::PLAYER :PLAYER -4697.0 0.0 0.0 128.0 128.0)
 (LD39::GROUND #:|938| -4960.0 -1344.0 0.0 128.0 2848.0)
 (LD39::GROUND #:|941| -3936.0 256.0 0.0 2176.0 384.0)
 (LD39::GROUND #:|944| -2240.0 320.0 0.0 1216.0 256.0)
 (LD39::GROUND #:|947| 2176.0 256.0 0.0 7616.0 384.0)
 (LD39::GROUND #:|950| 1328.0 -80.0 0.0 928.0 288.0)
 (LD39::GROUND #:|952| 624.0 0.0 0.0 480.0 128.0)
 (LD39::GROUND #:|955| 4288.0 -64.0 0.0 1408.0 256.0)
 (LD39::GROUND #:|962| 5792.0 -64.0 0.0 384.0 256.0)
 (LD39::BARREL-2 #:|970| 5152.0 0.0 0.0 128.0 128.0)
 (LD39::BARREL-2 #:|971| 5024.0 0.0 0.0 128.0 128.0)
 (LD39::BARREL-2 #:|972| 5280.0 0.0 0.0 128.0 128.0)
 (LD39::BARREL-2 #:|973| 5408.0 0.0 0.0 128.0 128.0)
 (LD39::BARREL-2 #:|974| 5536.0 0.0 0.0 128.0 128.0)
 (LD39::BARREL-2 #:|975| 1856.0 0.0 0.0 128.0 128.0)
 (LD39::BARREL-2 #:|976| 1984.0 0.0 0.0 128.0 128.0)
 (LD39::GROUND #:|988| 7456.0 1120.0 0.0 1088.0 2688.0)
 (LD39::GROUND #:|993| 2000.0 -2720.0 0.0 14048.0 128.0)
 (LD39::GROUND #:|995| 6976.0 -1440.0 0.0 128.0 2432.0)
 (LD39::TIRE-1 #:|1023| 7264.0 -288.0 0.0 128.0 128.0)
 (LD39::GROUND #:|1031| 480.0 1456.0 0.0 11008.0 2016.0)
 (LD39::GROUND #:|1038| -1024.0 3680.0 0.0 7968.0 2464.0)
 (LD39::GROUND #:|1041| 3232.0 3808.0 0.0 576.0 2240.0)
 (LD39::CRATE-0 #:|1059| 3168.0 2624.0 0.0 128.0 128.0)
 (LD39::GROUND #:|1081| 3696.0 3888.0 0.0 352.0 2080.0)
 (LD39::GROUND #:|1085| 4096.0 4736.0 0.0 448.0 384.0)
 (LD39::BARREL-2 #:|1089| 3936.0 4480.0 0.0 128.0 128.0)
 (LD39::BARREL-2 #:|1090| 4064.0 4480.0 0.0 128.0 128.0)
 (LD39::BARREL-2 #:|1091| 4192.0 4480.0 0.0 128.0 128.0)
 (LD39::GROUND #:|1098| 4480.0 3888.0 0.0 320.0 2080.0)
 (LD39::GROUND #:|1102| 7168.0 4112.0 0.0 4352.0 1632.0)
 (LD39::CRATE-1 #:|1120| 6976.0 3232.0 0.0 128.0 128.0)
 (LD39::CRATE-1 #:|1121| 6976.0 3136.0 0.0 128.0 128.0)
 (LD39::GROUND #:|1140| 6976.0 2768.0 0.0 128.0 608.0)
 (LD39::GROUND #:|1145| 8864.0 320.0 0.0 960.0 5952.0)
 (LD39::GROUND #:|1147| 9184.0 -2704.0 0.0 320.0 160.0)
 (LD39::GROUND #:|1149| 1904.0 -3088.0 0.0 14880.0 608.0)
 (LD39::GROUND #:|1151| -5248.0 1056.0 0.0 576.0 7680.0)
 (LD39::GROUND #:|1155| 7520.0 2768.0 0.0 960.0 608.0)
 (LD39::GROUND #:|1169| 4816.0 3984.0 0.0 352.0 1888.0)
 (LD39::GROUND #:|1172| 5376.0 3232.0 0.0 768.0 128.0)
 (LD39::GROUND #:|1207| 6928.0 208.0 0.0 96.0 5728.0)
 (LD39::BARREL-3 #:|1361| -2784.0 128.0 0.0 128.0 128.0)
 (LD39::BARREL-3 #:|1362| -2720.0 128.0 0.0 128.0 128.0)
 (LD39::BARREL-3 #:|1363| -2656.0 128.0 0.0 128.0 128.0)
 (LD39::BARREL-4 #:|1370| -1696.0 128.0 0.0 128.0 128.0)
 (LD39::BARREL-0 #:|1375| -2592.0 128.0 0.0 128.0 128.0)
 (LD39::BARREL-0 #:|1376| -2528.0 128.0 0.0 128.0 128.0)
 (LD39::CABLES-0 #:|1386| 3680.0 2592.0 0.0 256.0 256.0)
 (LD39::CABLES-2 #:|1391| 3392.0 2592.0 0.0 256.0 256.0)
 (LD39::CABLES-1 #:|1393| 3936.0 2592.0 0.0 256.0 256.0)
 (LD39::CABLES-2 #:|1397| 4128.0 2592.0 0.0 256.0 256.0)
 (LD39::CABLES-3 #:|1400| 3456.0 2560.0 0.0 256.0 256.0)
 (LD39::CABLES-3 #:|1401| 7136.0 3200.0 0.0 256.0 256.0)
 (LD39::CABLES-4 #:|1405| 7264.0 3200.0 0.0 256.0 256.0)
 (LD39::CABLES-2 #:|1418| 7456.0 3200.0 0.0 256.0 256.0)
 (LD39::PIPE-1 #:|1425| 4096.0 2976.0 0.0 256.0 256.0)
 (LD39::PIPE-3 #:|1450| 6432.0 2336.0 0.0 256.0 256.0)
 (LD39::BARREL-1 #:|1464| 4704.0 2976.0 0.0 128.0 128.0)
 (LD39::BARREL-3 #:|1469| 4384.0 2784.0 0.0 128.0 128.0)
 (LD39::PIPE-0 #:|1485| 5632.0 2976.0 0.0 256.0 256.0)
 (LD39::PIPE-1 #:|1487| 6432.0 2976.0 0.0 256.0 256.0)
 (LD39::PIPE-1 #:|1488| 6464.0 -384.0 0.0 256.0 256.0)
 (LD39::PIPE-3 #:|1491| 5312.0 -384.0 0.0 256.0 256.0)
 (LD39::PIPE-0 #:|1499| 3232.0 -384.0 0.0 256.0 256.0)
 (LD39::PIPE-0 #:|1500| 2144.0 -384.0 0.0 256.0 256.0)
 (LD39::PIPE-0 #:|1501| -4672.0 -64.0 0.0 256.0 256.0)
 (LD39::PIPE-3 #:|1515| -1504.0 -320.0 0.0 256.0 256.0)
 (LD39::PIPE-2 #:|1525| 256.0 -384.0 0.0 256.0 256.0)
 (LD39::TIRE-0 #:|1544| 2048.0 0.0 0.0 128.0 128.0)
 (LD39::GROUND #:|1585| 3520.0 48.0 0.0 64.0 160.0)
 (LD39::CRATE-0 #:|1600| 3520.0 0.0 0.0 128.0 128.0)
 (LD39::CRATE-0 #:|1601| 1312.0 -288.0 0.0 128.0 128.0))