((LD39::GROUND #:|1134| 2880.0 576.0 0.0 38272.0 704.0)
 (LD39::PIPE-0 #:|1154| -15296.0 96.0 0.0 256.0 256.0)
 (LD39::PIPE-2 #:|1126| -15296.0 -544.0 0.0 256.0 256.0)
 (LD39::GROUND #:|982| -15888.0 -5056.0 0.0 736.0 10560.0)
 (LD39::GROUND #:|1002| -15072.0 -64.0 0.0 896.0 64.0)
 (LD39::GROUND #:|1059| -14464.0 -352.0 0.0 1024.0 64.0)
 (LD39::GROUND #:|1071| -14064.0 -48.0 0.0 224.0 544.0)
 (LD39::GROUND #:|1080| -9216.0 -5536.0 0.0 12640.0 9600.0)
 (LD39::BARREL-3 #:|1092| -14240.0 160.0 0.0 128.0 128.0)
 (LD39::CABLES-0 #:|1095| -15264.0 -480.0 0.0 512.0 512.0)
 (LD39::CABLES-1 #:|1097| -15296.0 -480.0 0.0 512.0 512.0)
 (LD39::CABLES-2 #:|1099| -14848.0 -480.0 0.0 512.0 512.0)
 (LD39::CABLES-4 #:|1102| -15008.0 -480.0 0.0 512.0 512.0)
 (LD39::CRATE-0 #:|1106| -15456.0 -160.0 0.0 128.0 128.0)
 (LD39::CRATE-1 #:|1110| -14016.0 -448.0 0.0 128.0 128.0)
 (LD39::GROUND #:|1141| -13120.0 -352.0 0.0 256.0 64.0)
 (LD39::GROUND #:|1157| -12224.0 -352.0 0.0 256.0 64.0)
 (LD39::GROUND #:|1159| -11328.0 -352.0 0.0 256.0 64.0)
 (LD39::GROUND #:|1161| -10368.0 -160.0 0.0 256.0 448.0)
 (LD39::GROUND #:|1163| -9168.0 -80.0 0.0 1504.0 608.0)
 (LD39::BARREL-2 #:|1176| -13888.0 160.0 0.0 128.0 128.0)
 (LD39::BARREL-4 #:|1181| -13760.0 160.0 0.0 128.0 128.0)
 (LD39::CABLES-3 #:|1188| -11200.0 -64.0 0.0 512.0 512.0)
 (LD39::BARREL-1 #:|1204| -10400.0 -448.0 0.0 128.0 128.0)
 (LD39::BARREL-3 #:|1077| -9984.0 160.0 0.0 128.0 128.0)
 (LD39::CABLES-2 #:|1088| -14432.0 -64.0 0.0 512.0 512.0)
 (LD39::CABLES-4 #:|1091| -12736.0 -480.0 0.0 512.0 512.0)
 (LD39::CABLES-1 #:|1103| -10272.0 -480.0 0.0 512.0 512.0)
 (LD39::CRATE-0 #:|1132| -9248.0 -448.0 0.0 128.0 128.0)
 (LD39::CRATE-0 #:|1133| -9120.0 -448.0 0.0 128.0 128.0)
 (LD39::CRATE-1 #:|1135| -8992.0 -448.0 0.0 128.0 128.0)
 (LD39::BARREL-2 #:|1149| -8352.0 160.0 0.0 128.0 128.0)
 (LD39::GROUND #:|1172| -8000.0 -280.0 0.0 128.0 560.0)
 (LD39::GROUND #:|1220| -4688.0 -288.0 0.0 3552.0 128.0)
 (LD39::GROUND #:|1229| -7616.0 -64.0 0.0 640.0 128.0)
 (LD39::GROUND #:|1232| -7392.0 -192.0 0.0 192.0 384.0)
 (LD39::CABLES-4 #:|1275| -6816.0 -480.0 0.0 512.0 512.0)
 (LD39::CABLES-3 #:|1285| -6656.0 -480.0 0.0 512.0 512.0)
 (LD39::CABLES-2 #:|1288| -6208.0 32.0 0.0 512.0 512.0)
 (LD39::BARREL-3 #:|1295| -8256.0 160.0 0.0 128.0 128.0)
 (LD39::CRATE-0 #:|1307| -5792.0 160.0 0.0 128.0 128.0)
 (LD39::CRATE-0 #:|1308| -5664.0 160.0 0.0 128.0 128.0)
 (LD39::GROUND #:|1339| -4688.0 112.0 0.0 1568.0 224.0)
 (LD39::GROUND #:|1348| -2528.0 112.0 0.0 1408.0 224.0)
 (LD39::BARREL-4 #:|1362| -3936.0 -64.0 0.0 128.0 128.0)
 (LD39::CABLES-4 #:|1381| -3136.0 -480.0 0.0 512.0 512.0)
 (LD39::CABLES-2 #:|1396| -3584.0 32.0 0.0 512.0 512.0)
 (LD39::CRATE-1 #:|1401| -5536.0 160.0 0.0 128.0 128.0)
 (LD39::BARREL-1 #:|1416| -6336.0 -416.0 0.0 128.0 128.0)
 (LD39::BARREL-3 #:|1427| -6240.0 -416.0 0.0 128.0 128.0)
 (LD39::GROUND #:|1437| -4432.0 -656.0 0.0 2080.0 160.0)
 (LD39::PIPE-3 #:|1457| -13120.0 -544.0 0.0 256.0 256.0)
 (LD39::PIPE-3 #:|1458| -12224.0 -544.0 0.0 256.0 256.0)
 (LD39::PIPE-3 #:|1459| -11328.0 -544.0 0.0 256.0 256.0)
 (LD39::PIPE-2 #:|1467| -10080.0 -544.0 0.0 256.0 256.0)
 (LD39::PIPE-1 #:|1469| -8256.0 -544.0 0.0 256.0 256.0)
 (LD39::PIPE-3 #:|1472| -6336.0 32.0 0.0 256.0 256.0)
 (LD39::PIPE-2 #:|1478| -3584.0 32.0 0.0 256.0 256.0)
 (LD39::PIPE-3 #:|1480| -2720.0 -480.0 0.0 256.0 256.0)
 (LD39::GROUND #:|1488| -2192.0 -176.0 0.0 736.0 352.0)
 (LD39::GROUND #:|1490| -2112.0 -1152.0 0.0 1600.0 832.0)
 (LD39::GROUND #:|1492| -1088.0 -752.0 0.0 448.0 1632.0)
 (LD39::GROUND #:|1494| -128.0 -1152.0 0.0 1472.0 832.0)
 (LD39::GROUND #:|1496| 4384.0 -672.0 0.0 7552.0 1792.0)
 (LD39::GROUND #:|1498| 2624.0 -5936.0 0.0 11072.0 8800.0)
 (LD39::CRATE-1 #:|1515| -1760.0 160.0 0.0 128.0 128.0)
 (LD39::BARREL-1 #:|1526| -2624.0 -64.0 0.0 128.0 128.0)
 (LD39::PIPE-3 #:|1541| -1568.0 -480.0 0.0 256.0 256.0)
 (LD39::PIPE-0 #:|1547| 448.0 64.0 0.0 256.0 256.0)
 (LD39::CABLES-4 #:|1561| -640.0 -480.0 0.0 512.0 512.0)
 (LD39::CABLES-3 #:|1563| -288.0 -480.0 0.0 512.0 512.0)
 (LD39::CABLES-0 #:|1567| 352.0 -480.0 0.0 512.0 512.0)
 (LD39::CABLES-1 #:|1569| 64.0 -480.0 0.0 512.0 512.0)
 (LD39::CABLES-2 #:|1577| 160.0 -480.0 0.0 512.0 512.0)
 (LD39::LIGHT-SWITCH #:|1593| 288.0 160.0 0.0 128.0 128.0)
 (LD39::CABLES-2 #:|1605| -1984.0 -480.0 0.0 512.0 512.0)
 (LD39::CRATE-0 #:|1621| -4864.0 -416.0 0.0 128.0 128.0)
 (LD39::CRATE-0 #:|1622| -3872.0 -416.0 0.0 128.0 128.0)
 (LD39::CRATE-0 #:|1623| -3776.0 -416.0 0.0 128.0 128.0)
 (LD39::PLAYER :PLAYER -15297.0 160.0 0.0 128.0 128.0)
 (LD39::NUCLEAR-GOOP #:|1738| -3568.0 240.0 0.0 672.0 96.0)
 (LD39::NUCLEAR-GOOP #:|1741| -7808.0 -192.0 0.0 256.0 128.0)
 (LD39::NUCLEAR-GOOP #:|1762| -7584.0 -192.0 0.0 192.0 128.0)
 (LD39::CABLES-2 #:|1785| -7584.0 -480.0 0.0 512.0 512.0))ES-2 #:|1577| 160.0 -480.0 0.0 512.0 512.0)
 (LD39::LIGHT-SWITCH #:|1593| 288.0 160.0 0.0 128.0 128.0)
 (LD39::CABLES-2 #:|1605| -1984.0 -480.0 0.0 512.0 512.0)
 (LD39::CRATE-0 #:|1621| -4864.0 -416.0 0.0 128.0 128.0)
 (LD39::CRATE-0 #:|1622| -3872.0 -416.0 0.0 128.0 128.0)
 (LD39::CRATE-0 #:|1623| -3776.0 -416.0 0.0 128.0 128.0))