((LD39::PIPE-3 #:|2902| 5344.0 -2176.0 0.0 256.0 256.0)
 (LD39::PIPE-1 #:|2895| 5344.0 32.0 0.0 256.0 256.0)
 (LD39::PIPE-1 #:|2894| 5344.0 1216.0 0.0 256.0 256.0)
 (LD39::CABLES-5 #:|2876| 5856.0 160.0 0.0 512.0 512.0)
 (LD39::CABLES-2 #:|2845| 6752.0 416.0 0.0 512.0 512.0)
 (LD39::CABLES-3 #:|2841| 6336.0 416.0 0.0 512.0 512.0)
 (LD39::CABLES-5 #:|2785| 5856.0 -2528.0 0.0 512.0 512.0)
 (LD39::CABLES-6 #:|2783| 4864.0 -2112.0 0.0 512.0 512.0)
 (LD39::CABLES-7 #:|2781| 4864.0 1216.0 0.0 512.0 512.0)
 (LD39::CABLES-8 #:|2779| 5856.0 768.0 0.0 512.0 512.0)
 (LD39::DEBRIS-4 #:|2773| 6112.0 480.0 0.0 128.0 128.0)
 (LD39::DEBRIS-3 #:|2771| 6528.0 480.0 0.0 128.0 128.0)
 (LD39::LIGHT-SWITCH #:|2755| 6688.0 544.0 0.0 128.0 128.0)
 (LD39::PIPE-0 #:|2731| 6880.0 480.0 0.0 256.0 256.0)
 (LD39::DEBRIS-0 #:|2718| 1536.0 -2720.0 0.0 128.0 128.0)
 (LD39::DEBRIS-1 #:|2716| 1696.0 -2720.0 0.0 128.0 128.0)
 (LD39::DEBRIS-1 #:|2713| 2496.0 -2720.0 0.0 128.0 128.0)
 (LD39::DEBRIS-3 #:|2710| 3040.0 -2720.0 0.0 128.0 128.0)
 (LD39::DEBRIS-3 #:|2709| 4096.0 -2720.0 0.0 128.0 128.0)
 (LD39::DEBRIS-2 #:|2707| 3744.0 -2720.0 0.0 128.0 128.0)
 (LD39::DEBRIS-3 #:|2705| 5024.0 -2688.0 0.0 128.0 128.0)
 (LD39::DEBRIS-4 #:|2703| 3552.0 -2720.0 0.0 128.0 128.0)
 (LD39::DEBRIS-5 #:|2701| 5152.0 -2720.0 0.0 128.0 128.0)
 (LD39::DEBRIS-6 #:|2699| 4480.0 -2432.0 0.0 128.0 128.0)
 (LD39::DEBRIS-7 #:|2697| 4384.0 -2432.0 0.0 128.0 128.0)
 (LD39::DEBRIS-8 #:|2695| 2560.0 -2720.0 0.0 128.0 128.0)
 (LD39::DEBRIS-9 #:|2693| 2720.0 -2432.0 0.0 128.0 128.0)
 (LD39::NUCLEAR-GOOP #:|2687| 5344.0 1536.0 0.0 1536.0 128.0)
 (LD39::BARREL-1 #:|2679| 2720.0 -2656.0 0.0 128.0 128.0)
 (LD39::CRATE-1 #:|2668| 2528.0 -2368.0 0.0 128.0 128.0)
 (LD39::PIPE-1 #:|2665| 3776.0 -2784.0 0.0 256.0 256.0)
 (LD39::PIPE-1 #:|2664| 5088.0 -2784.0 0.0 256.0 256.0)
 (LD39::PIPE-1 #:|2663| 2528.0 -2784.0 0.0 256.0 256.0)
 (LD39::PIPE-2 #:|2661| 1600.0 -2784.0 0.0 256.0 256.0)
 (LD39::PIPE-2 #:|2660| -96.0 -2784.0 0.0 256.0 256.0)
 (LD39::CABLES-5 #:|2655| 832.0 -2272.0 0.0 512.0 512.0)
 (LD39::CABLES-7 #:|2652| 2368.0 -2432.0 0.0 512.0 512.0)
 (LD39::DEBRIS-3 #:|2644| -32.0 -2688.0 0.0 128.0 128.0)
 (LD39::DEBRIS-6 #:|2638| -224.0 -2720.0 0.0 128.0 128.0)
 (LD39::BARREL-3 #:|2623| 128.0 -2656.0 0.0 128.0 128.0)
 (LD39::BARREL-0 #:|2617| 224.0 -2656.0 0.0 128.0 128.0)
 (LD39::BARREL-0 #:|2616| 320.0 -2656.0 0.0 128.0 128.0)
 (LD39::BARREL-2 #:|2611| 416.0 -2656.0 0.0 128.0 128.0)
 (LD39::BARREL-2 #:|2610| 480.0 -2656.0 0.0 128.0 128.0)
 (LD39::BARREL-2 #:|2609| 576.0 -2656.0 0.0 128.0 128.0)
 (LD39::BARREL-4 #:|2606| 672.0 -2656.0 0.0 128.0 128.0)
 (LD39::BARREL-4 #:|2605| 736.0 -2656.0 0.0 128.0 128.0)
 (LD39::CABLES-2 #:|2599| -32.0 -1984.0 0.0 512.0 512.0)
 (LD39::CABLES-4 #:|2596| 416.0 -2272.0 0.0 512.0 512.0)
 (LD39::CRATE-0 #:|2590| -224.0 -2368.0 0.0 128.0 128.0)
 (LD39::DEBRIS-4 #:|2571| 1088.0 -2720.0 0.0 128.0 128.0)
 (LD39::DEBRIS-5 #:|2567| -352.0 -2720.0 0.0 128.0 128.0)
 (LD39::DEBRIS-6 #:|2565| -96.0 -2432.0 0.0 128.0 128.0)
 (LD39::DEBRIS-9 #:|2561| 512.0 -2080.0 0.0 128.0 128.0)
 (LD39::CABLES-8 #:|2511| 320.0 -1760.0 0.0 512.0 512.0)
 (LD39::DEBRIS-0 #:|2509| 480.0 -1376.0 0.0 128.0 128.0)
 (LD39::DEBRIS-2 #:|2504| 448.0 -704.0 0.0 128.0 128.0)
 (LD39::DEBRIS-3 #:|2500| 320.0 -1376.0 0.0 128.0 128.0)
 (LD39::DEBRIS-3 #:|2499| 96.0 -1728.0 0.0 128.0 128.0)
 (LD39::DEBRIS-3 #:|2498| 96.0 -1376.0 0.0 128.0 128.0)
 (LD39::DEBRIS-3 #:|2497| -256.0 -1024.0 0.0 128.0 128.0)
 (LD39::DEBRIS-3 #:|2496| -96.0 -1024.0 0.0 128.0 128.0)
 (LD39::DEBRIS-3 #:|2495| 96.0 -704.0 0.0 128.0 128.0)
 (LD39::DEBRIS-5 #:|2486| 480.0 -704.0 0.0 128.0 128.0)
 (LD39::DEBRIS-4 #:|2484| 128.0 -384.0 0.0 128.0 128.0)
 (LD39::DEBRIS-6 #:|2477| -96.0 -384.0 0.0 128.0 128.0)
 (LD39::DEBRIS-7 #:|2475| 480.0 -64.0 0.0 128.0 128.0)
 (LD39::DEBRIS-8 #:|2473| 480.0 -64.0 0.0 128.0 128.0)
 (LD39::DEBRIS-9 #:|2471| -64.0 -32.0 0.0 128.0 128.0)
 (LD39::BARREL-3 #:|2457| -224.0 -320.0 0.0 128.0 128.0)
 (LD39::CABLES-1 #:|2451| -160.0 -1280.0 0.0 512.0 512.0)
 (LD39::CABLES-7 #:|2436| -96.0 -992.0 0.0 512.0 512.0)
 (LD39::CABLES-6 #:|2430| -96.0 -672.0 0.0 512.0 512.0)
 (LD39::CABLES-5 #:|2410| 320.0 -1024.0 0.0 512.0 512.0)
 (LD39::CABLES-3 #:|2337| 448.0 -256.0 0.0 512.0 512.0)
 (LD39::PIPE-3 #:|2327| -224.0 -1920.0 0.0 256.0 256.0)
 (LD39::PIPE-3 #:|2326| -224.0 -1216.0 0.0 256.0 256.0)
 (LD39::PIPE-3 #:|2325| -224.0 -544.0 0.0 256.0 256.0)
 (LD39::GROUND #:|2301| 6592.0 -1728.0 0.0 960.0 3776.0)
 (LD39::GROUND #:|2299| 3552.0 2400.0 0.0 9088.0 1440.0)
 (LD39::GROUND #:|2297| 6560.0 1152.0 0.0 896.0 1088.0)
 (LD39::GROUND #:|2293| 7552.0 -1152.0 0.0 1088.0 5824.0)
 (LD39::GROUND #:|2291| 3552.0 -3904.0 0.0 9088.0 640.0)
 (LD39::GROUND #:|2277| 5344.0 1664.0 0.0 1536.0 128.0)
 (LD39::GROUND #:|2271| 3520.0 -288.0 0.0 2176.0 4032.0)
 (LD39::LIGHT-SWITCH #:|2241| 4384.0 -2368.0 0.0 128.0 128.0)
 (LD39::GROUND #:|2222| 3824.0 -2560.0 0.0 2784.0 64.0)
 (LD39::GROUND #:|2217| 192.0 -2560.0 0.0 1152.0 64.0)
 (LD39::GROUND #:|2215| 1600.0 -2432.0 0.0 1024.0 320.0)
 (LD39::NUCLEAR-GOOP #:|2209| 1600.0 -1984.0 0.0 1664.0 128.0)
 (LD39::GROUND #:|2204| 2048.0 -928.0 0.0 2592.0 2016.0)
 (LD39::GROUND #:|2185| -64.0 -2272.0 0.0 576.0 64.0)
 (LD39::GROUND #:|2164| 288.0 -1920.0 0.0 576.0 64.0)
 (LD39::GROUND #:|2161| -64.0 -1568.0 0.0 576.0 64.0)
 (LD39::GROUND #:|2152| 288.0 -1216.0 0.0 576.0 64.0)
 (LD39::GROUND #:|2133| -64.0 -864.0 0.0 576.0 64.0)
 (LD39::GROUND #:|2109| 288.0 -544.0 0.0 576.0 64.0)
 (LD39::GROUND #:|2088| 672.0 -1120.0 0.0 192.0 2368.0)
 (LD39::GROUND #:|2085| -64.0 -224.0 0.0 576.0 64.0)
 (LD39::PIPE-0 #:|2069| -224.0 -64.0 0.0 256.0 256.0)
 (LD39::GROUND #:|2051| -672.0 -1760.0 0.0 640.0 3648.0)
 (LD39::GROUND #:|2049| 1184.0 896.0 0.0 4352.0 1664.0)
 (LD39::CORNER-R #:|1413| 5200.0 -2576.0 0.0 32.0 32.0)
 (LD39::CORNER-L #:|1415| 2448.0 -2576.0 0.0 32.0 32.0)
 (LD39::CORNER-L #:|1416| 2448.0 -2288.0 0.0 32.0 32.0)
 (LD39::CORNER-R #:|1418| 4592.0 -2288.0 0.0 32.0 32.0)
 (LD39::CORNER-R #:|1419| 2096.0 -2576.0 0.0 32.0 32.0)
 (LD39::CORNER-L #:|1421| 1104.0 -2576.0 0.0 32.0 32.0)
 (LD39::CORNER-R #:|1423| 752.0 -2576.0 0.0 32.0 32.0)
 (LD39::CORNER-R #:|1424| 752.0 -2288.0 0.0 32.0 32.0)
 (LD39::CORNER-L #:|1426| 592.0 -2288.0 0.0 32.0 32.0)
 (LD39::PLAYER :PLAYER -220.0 0.0 0.0 128.0 128.0)
 (LD39::EXIT #:|1255| 6880.0 512.0 0.0 128.0 192.0))
(LD39::LIGHT-TIMER :LIGHT-TIMER 1800 1600)
