((LD39::GROUND #:|1462| 1232.0 144.0 0.0 2848.0 96.0)
 (LD39::GROUND #:|1465| -1440.0 1376.0 0.0 2496.0 8576.0)
 (LD39::GROUND #:|1471| 4832.0 144.0 0.0 2816.0 96.0)
 (LD39::GROUND #:|1480| 2240.0 656.0 0.0 4864.0 96.0)
 (LD39::GROUND #:|1483| 5744.0 656.0 0.0 992.0 96.0)
 (LD39::GROUND #:|1486| 9136.0 -1072.0 0.0 3360.0 4000.0)
 (LD39::GROUND #:|1488| 7408.0 -3648.0 0.0 20192.0 1664.0)
 (LD39::GROUND #:|1492| 8992.0 6608.0 0.0 23360.0 1952.0)
 (LD39::GROUND #:|1495| 816.0 1296.0 0.0 2016.0 96.0)
 (LD39::GROUND #:|1500| 6688.0 1296.0 0.0 8256.0 96.0)
 (LD39::GROUND #:|1503| 3216.0 2096.0 0.0 4512.0 96.0)
 (LD39::GROUND #:|1505| 7984.0 3648.0 0.0 3232.0 3264.0)
 (LD39::GROUND #:|1508| 10208.0 2352.0 0.0 1216.0 672.0)
 (LD39::GROUND #:|1510| 10208.0 3392.0 0.0 1216.0 128.0)
 (LD39::GROUND #:|1512| 13552.0 4384.0 0.0 7904.0 640.0)
 (LD39::GROUND #:|1514| 10912.0 5456.0 0.0 1216.0 352.0)
 (LD39::GROUND #:|1516| 12576.0 5328.0 0.0 512.0 96.0)
 (LD39::GROUND #:|1518| 13920.0 5328.0 0.0 512.0 96.0)
 (LD39::GROUND #:|1520| 15440.0 5328.0 0.0 544.0 96.0)
 (LD39::NUCLEAR-GOOP #:|1527| 14080.0 5600.0 0.0 5120.0 64.0)
 (LD39::NUCLEAR-GOOP #:|1529| 14320.0 4384.0 0.0 32.0 640.0)
 (LD39::GROUND #:|1533| 15920.0 3040.0 0.0 3168.0 2048.0)
 (LD39::GROUND #:|1538| 15920.0 1296.0 0.0 3168.0 96.0)
 (LD39::NUCLEAR-GOOP #:|1541| 11968.0 3952.0 0.0 4736.0 224.0)
 (LD39::BARREL-2 #:|1545| 9664.0 3264.0 0.0 128.0 128.0)
 (LD39::BARREL-2 #:|1546| 9760.0 3264.0 0.0 128.0 128.0)
 (LD39::BARREL-2 #:|1547| 9920.0 3264.0 0.0 128.0 128.0)
 (LD39::BARREL-2 #:|1548| 9856.0 3264.0 0.0 128.0 128.0)
 (LD39::BARREL-4 #:|1551| 10016.0 3264.0 0.0 128.0 128.0)
 (LD39::CABLES-0 #:|1553| 10528.0 2944.0 0.0 512.0 512.0)
 (LD39::CABLES-1 #:|1555| 9760.0 2944.0 0.0 512.0 512.0)
 (LD39::CABLES-2 #:|1557| 10048.0 2944.0 0.0 512.0 512.0)
 (LD39::CRATE-0 #:|1567| 10176.0 3264.0 0.0 128.0 128.0)
 (LD39::CRATE-0 #:|1568| 10304.0 3264.0 0.0 128.0 128.0)
 (LD39::CRATE-0 #:|1569| 10240.0 3136.0 0.0 128.0 128.0)
 (LD39::CRATE-0 #:|1570| 10432.0 3264.0 0.0 128.0 128.0)
 (LD39::CRATE-0 #:|1571| 10368.0 3136.0 0.0 128.0 128.0)
 (LD39::CRATE-0 #:|1572| 10560.0 3264.0 0.0 128.0 128.0)
 (LD39::CRATE-0 #:|1573| 10688.0 3264.0 0.0 128.0 128.0)
 (LD39::CRATE-0 #:|1574| 10496.0 3136.0 0.0 128.0 128.0)
 (LD39::BARREL-0 #:|1609| 17440.0 1952.0 0.0 128.0 128.0)
 (LD39::BARREL-0 #:|1610| 17344.0 1952.0 0.0 128.0 128.0)
 (LD39::BARREL-0 #:|1611| 17248.0 1952.0 0.0 128.0 128.0)
 (LD39::BARREL-0 #:|1612| 17152.0 1952.0 0.0 128.0 128.0)
 (LD39::BARREL-0 #:|1613| 17056.0 1952.0 0.0 128.0 128.0)
 (LD39::BARREL-0 #:|1614| 16960.0 1952.0 0.0 128.0 128.0)
 (LD39::BARREL-0 #:|1615| 16864.0 1952.0 0.0 128.0 128.0)
 (LD39::BARREL-0 #:|1616| 16768.0 1952.0 0.0 128.0 128.0)
 (LD39::BARREL-0 #:|1617| 16672.0 1952.0 0.0 128.0 128.0)
 (LD39::BARREL-0 #:|1618| 16576.0 1952.0 0.0 128.0 128.0)
 (LD39::BARREL-0 #:|1619| 16480.0 1952.0 0.0 128.0 128.0)
 (LD39::BARREL-0 #:|1620| 16384.0 1952.0 0.0 128.0 128.0)
 (LD39::BARREL-0 #:|1621| 16288.0 1952.0 0.0 128.0 128.0)
 (LD39::BARREL-0 #:|1622| 16320.0 1824.0 0.0 128.0 128.0)
 (LD39::BARREL-0 #:|1623| 16416.0 1824.0 0.0 128.0 128.0)
 (LD39::BARREL-0 #:|1624| 16512.0 1824.0 0.0 128.0 128.0)
 (LD39::BARREL-0 #:|1625| 16608.0 1824.0 0.0 128.0 128.0)
 (LD39::BARREL-0 #:|1626| 16704.0 1824.0 0.0 128.0 128.0)
 (LD39::BARREL-0 #:|1627| 16800.0 1824.0 0.0 128.0 128.0)
 (LD39::BARREL-0 #:|1628| 16896.0 1824.0 0.0 128.0 128.0)
 (LD39::BARREL-0 #:|1629| 16992.0 1824.0 0.0 128.0 128.0)
 (LD39::BARREL-0 #:|1630| 17088.0 1824.0 0.0 128.0 128.0)
 (LD39::BARREL-0 #:|1631| 17184.0 1824.0 0.0 128.0 128.0)
 (LD39::BARREL-0 #:|1632| 17280.0 1824.0 0.0 128.0 128.0)
 (LD39::BARREL-0 #:|1633| 17376.0 1824.0 0.0 128.0 128.0)
 (LD39::BARREL-0 #:|1634| 17312.0 1696.0 0.0 128.0 128.0)
 (LD39::BARREL-0 #:|1635| 17216.0 1696.0 0.0 128.0 128.0)
 (LD39::BARREL-0 #:|1636| 17120.0 1696.0 0.0 128.0 128.0)
 (LD39::BARREL-0 #:|1637| 17024.0 1696.0 0.0 128.0 128.0)
 (LD39::BARREL-0 #:|1638| 16928.0 1696.0 0.0 128.0 128.0)
 (LD39::BARREL-0 #:|1639| 16128.0 1952.0 0.0 128.0 128.0)
 (LD39::BARREL-0 #:|1640| 15680.0 1952.0 0.0 128.0 128.0)
 (LD39::BARREL-3 #:|1656| 15584.0 1952.0 0.0 128.0 128.0)
 (LD39::CRATE-0 #:|1668| 15360.0 1952.0 0.0 128.0 128.0)
 (LD39::CRATE-0 #:|1669| 15232.0 1952.0 0.0 128.0 128.0)
 (LD39::CRATE-0 #:|1670| 14912.0 1952.0 0.0 128.0 128.0)
 (LD39::CRATE-0 #:|1671| 14464.0 1952.0 0.0 128.0 128.0)
 (LD39::GROUND #:|1715| 12576.0 1296.0 0.0 2176.0 96.0)
 (LD39::GROUND #:|1718| 13520.0 928.0 0.0 288.0 640.0)
 (LD39::GROUND #:|1720| 11904.0 656.0 0.0 2176.0 96.0)
 (LD39::GROUND #:|1723| 15104.0 656.0 0.0 3328.0 96.0)
 (LD39::GROUND #:|1726| 10240.0 816.0 0.0 5504.0 224.0)
 (LD39::GROUND #:|1728| 11872.0 2064.0 0.0 768.0 96.0)
 (LD39::GROUND #:|1730| 12496.0 2672.0 0.0 480.0 96.0)
 (LD39::BARREL-4 #:|1740| 12704.0 2560.0 0.0 128.0 128.0)
 (LD39::BARREL-4 #:|1743| 12608.0 2560.0 0.0 128.0 128.0)
 (LD39::BARREL-2 #:|1790| 12512.0 2560.0 0.0 128.0 128.0)
 (LD39::BARREL-2 #:|1791| 12448.0 2560.0 0.0 128.0 128.0)
 (LD39::BARREL-0 #:|1796| 12384.0 2560.0 0.0 128.0 128.0)
 (LD39::CABLES-3 #:|1807| 12256.0 2368.0 0.0 512.0 512.0)
 (LD39::CABLES-4 #:|1809| 11136.0 1184.0 0.0 512.0 512.0)
 (LD39::CABLES-5 #:|1811| 11232.0 1376.0 0.0 512.0 512.0)
 (LD39::CABLES-7 #:|1814| 11072.0 2176.0 0.0 512.0 512.0)
 (LD39::CABLES-6 #:|1820| 13248.0 864.0 0.0 512.0 512.0)
 (LD39::CABLES-8 #:|1829| 14080.0 1376.0 0.0 512.0 512.0)
 (LD39::GROUND #:|1887| 12000.0 416.0 0.0 1984.0 64.0)
 (LD39::GROUND #:|1890| 12896.0 -1216.0 0.0 192.0 3200.0)
 (LD39::GROUND #:|1895| 11680.0 192.0 0.0 1728.0 64.0)
 (LD39::LIGHT-SWITCH #:|1906| 10880.0 128.0 0.0 64.0 64.0)
 (LD39::LIGHT-SWITCH #:|1907| 10912.0 128.0 0.0 64.0 64.0)
 (LD39::LIGHT-SWITCH #:|1908| 10944.0 128.0 0.0 64.0 64.0)
 (LD39::LIGHT-SWITCH #:|1909| 10976.0 128.0 0.0 64.0 64.0)
 (LD39::LIGHT-SWITCH #:|1910| 11008.0 128.0 0.0 64.0 64.0)
 (LD39::GROUND #:|2003| 11808.0 -1408.0 0.0 1984.0 2816.0)
 (LD39::BARREL-1 #:|2014| 12736.0 320.0 0.0 128.0 128.0)
 (LD39::CABLES-2 #:|2021| 12576.0 256.0 0.0 512.0 512.0)
 (LD39::CABLES-7 #:|2039| 11072.0 384.0 0.0 512.0 512.0)
 (LD39::DEBRIS-3 #:|2058| 10912.0 32.0 0.0 256.0 256.0)
 (LD39::DEBRIS-4 #:|2060| 10944.0 480.0 0.0 256.0 256.0)
 (LD39::DEBRIS-5 #:|2062| 12960.0 480.0 0.0 256.0 256.0)
 (LD39::DEBRIS-6 #:|2064| 11072.0 32.0 0.0 256.0 256.0)
 (LD39::DEBRIS-8 #:|2067| 10784.0 32.0 0.0 256.0 256.0)
 (LD39::DEBRIS-9 #:|2069| 12128.0 32.0 0.0 256.0 256.0)
 (LD39::CORNER-R #:|2072| 12976.0 624.0 0.0 32.0 32.0)
 (LD39::CORNER-R #:|2073| 12528.0 176.0 0.0 32.0 32.0)
 (LD39::CORNER-L #:|2075| 11024.0 400.0 0.0 32.0 32.0)
 (LD39::BARREL-0 #:|2083| 11072.0 320.0 0.0 128.0 128.0)
 (LD39::BARREL-3 #:|2087| 11168.0 320.0 0.0 128.0 128.0)
 (LD39::CRATE-0 #:|2099| 11008.0 544.0 0.0 128.0 128.0)
 (LD39::CRATE-0 #:|2100| 11136.0 544.0 0.0 128.0 128.0)
 (LD39::CRATE-0 #:|2101| 11200.0 96.0 0.0 128.0 128.0)
 (LD39::CRATE-0 #:|2102| 11328.0 96.0 0.0 128.0 128.0)
 (LD39::CRATE-0 #:|2103| 11456.0 96.0 0.0 128.0 128.0)
 (LD39::CRATE-0 #:|2104| 11584.0 96.0 0.0 128.0 128.0)
 (LD39::CRATE-1 #:|2106| 11264.0 544.0 0.0 128.0 128.0)
 (LD39::BARREL-3 #:|2129| 11392.0 544.0 0.0 128.0 128.0)
 (LD39::DEBRIS-8 #:|2140| 11424.0 480.0 0.0 256.0 256.0)
 (LD39::DEBRIS-7 #:|2142| 12896.0 480.0 0.0 256.0 256.0)
 (LD39::DEBRIS-3 #:|2147| 11584.0 480.0 0.0 256.0 256.0)
 (LD39::DEBRIS-3 #:|2148| 12416.0 480.0 0.0 256.0 256.0)
 (LD39::DEBRIS-2 #:|2150| 12864.0 480.0 0.0 256.0 256.0)
 (LD39::DEBRIS-1 #:|2152| 11808.0 480.0 0.0 256.0 256.0)
 (LD39::DEBRIS-1 #:|2153| 11424.0 256.0 0.0 256.0 256.0)
 (LD39::DEBRIS-0 #:|2155| 12608.0 256.0 0.0 256.0 256.0)
 (LD39::TIRE-0 #:|2160| 11264.0 320.0 0.0 128.0 128.0)
 (LD39::TIRE-0 #:|2161| 11648.0 96.0 0.0 128.0 128.0)
 (LD39::TIRE-0 #:|2162| 11680.0 96.0 0.0 128.0 128.0)
 (LD39::TIRE-0 #:|2163| 11744.0 96.0 0.0 128.0 128.0)
 (LD39::TIRE-1 #:|2176| 12320.0 544.0 0.0 128.0 128.0)
 (LD39::CRATE-1 #:|2215| 12704.0 544.0 0.0 128.0 128.0)
 (LD39::PIPE-4 #:|2228| 13504.0 288.0 0.0 256.0 256.0)
 (LD39::PIPE-4 #:|2229| 13504.0 -288.0 0.0 256.0 256.0)
 (LD39::PIPE-4 #:|2230| 13504.0 -896.0 0.0 256.0 256.0)
 (LD39::PIPE-4 #:|2231| 13504.0 -1504.0 0.0 256.0 256.0)
 (LD39::PIPE-4 #:|2232| 13504.0 -2144.0 0.0 256.0 256.0)
 (LD39::PIPE-4 #:|2233| 14688.0 -2144.0 0.0 256.0 256.0)
 (LD39::PIPE-4 #:|2234| 14688.0 -1504.0 0.0 256.0 256.0)
 (LD39::PIPE-4 #:|2235| 14688.0 -896.0 0.0 256.0 256.0)
 (LD39::PIPE-4 #:|2236| 14688.0 -288.0 0.0 256.0 256.0)
 (LD39::PIPE-4 #:|2237| 14688.0 288.0 0.0 256.0 256.0)
 (LD39::PIPE-4 #:|2239| 15872.0 288.0 0.0 256.0 256.0)
 (LD39::PIPE-4 #:|2240| 15872.0 -256.0 0.0 256.0 256.0)
 (LD39::PIPE-4 #:|2241| 15872.0 -864.0 0.0 256.0 256.0)
 (LD39::PIPE-4 #:|2242| 15872.0 -1504.0 0.0 256.0 256.0)
 (LD39::PIPE-4 #:|2243| 15872.0 -2144.0 0.0 256.0 256.0)
 (LD39::PIPE-4 #:|2244| 17024.0 320.0 0.0 256.0 256.0)
 (LD39::PIPE-4 #:|2245| 17024.0 -224.0 0.0 256.0 256.0)
 (LD39::PIPE-4 #:|2246| 17024.0 -832.0 0.0 256.0 256.0)
 (LD39::PIPE-4 #:|2247| 17024.0 -1504.0 0.0 256.0 256.0)
 (LD39::PIPE-4 #:|2248| 17024.0 -2144.0 0.0 256.0 256.0)
 (LD39::CORNER-L #:|2269| 13392.0 624.0 0.0 32.0 32.0)
 (LD39::BARREL-1 #:|2280| 13312.0 1184.0 0.0 128.0 128.0)
 (LD39::CABLES-0 #:|2287| 13920.0 960.0 0.0 512.0 512.0)
 (LD39::CABLES-1 #:|2289| 16672.0 960.0 0.0 512.0 512.0)
 (LD39::CABLES-6 #:|2295| 13248.0 192.0 0.0 512.0 512.0)
 (LD39::CABLES-7 #:|2297| 13248.0 128.0 0.0 512.0 512.0)
 (LD39::CABLES-5 #:|2320| 13120.0 736.0 0.0 512.0 512.0)
 (LD39::STRIPES-R #:|2354| 13280.0 768.0 0.0 256.0 256.0)
 (LD39::STRIPES-L #:|2356| 13088.0 768.0 0.0 256.0 256.0)
 (LD39::DECAL-0 #:|2359| 13920.0 832.0 0.0 256.0 256.0)
 (LD39::DECAL-1 #:|2361| 13984.0 992.0 0.0 256.0 256.0)
 (LD39::DECAL-R #:|2369| 13248.0 1024.0 0.0 256.0 256.0)
 (LD39::BARREL-3 #:|2383| 13632.0 544.0 0.0 128.0 128.0)
 (LD39::BARREL-3 #:|2384| 13568.0 544.0 0.0 128.0 128.0)
 (LD39::BARREL-4 #:|2386| 14016.0 544.0 0.0 128.0 128.0)
 (LD39::CABLES-2 #:|2390| 16288.0 960.0 0.0 512.0 512.0)
 (LD39::CABLES-2 #:|2391| 14368.0 960.0 0.0 512.0 512.0)
 (LD39::CABLES-3 #:|2393| 14752.0 960.0 0.0 512.0 512.0)
 (LD39::DECAL-2 #:|2425| 11616.0 1088.0 0.0 256.0 256.0)
 (LD39::BARREL-0 #:|2438| 11968.0 1184.0 0.0 128.0 128.0)
 (LD39::BARREL-0 #:|2439| 12256.0 1184.0 0.0 128.0 128.0)
 (LD39::BARREL-0 #:|2440| 12352.0 1184.0 0.0 128.0 128.0)
 (LD39::BARREL-1 #:|2442| 10720.0 1184.0 0.0 128.0 128.0)
 (LD39::BARREL-2 #:|2444| 7552.0 1184.0 0.0 128.0 128.0)
 (LD39::BARREL-4 #:|2447| 7456.0 1184.0 0.0 128.0 128.0)
 (LD39::CABLES-5 #:|2474| 7200.0 928.0 0.0 512.0 512.0)
 (LD39::DEBRIS-0 #:|2490| 7744.0 1120.0 0.0 256.0 256.0)
 (LD39::DEBRIS-2 #:|2493| 7776.0 1120.0 0.0 256.0 256.0)
 (LD39::DEBRIS-3 #:|2495| 8320.0 1120.0 0.0 256.0 256.0)
 (LD39::DEBRIS-4 #:|2497| 8832.0 1120.0 0.0 256.0 256.0)
 (LD39::DEBRIS-5 #:|2499| 10784.0 1120.0 0.0 256.0 256.0)
 (LD39::DEBRIS-6 #:|2505| 8864.0 1120.0 0.0 256.0 256.0)
 (LD39::DEBRIS-7 #:|2507| 10336.0 1120.0 0.0 256.0 256.0)
 (LD39::STRIPES-L #:|2523| 10912.0 2144.0 0.0 256.0 256.0)
 (LD39::STRIPES-L #:|2524| 10912.0 2400.0 0.0 256.0 256.0)
 (LD39::STRIPES-R #:|2547| 14240.0 2144.0 0.0 256.0 256.0)
 (LD39::STRIPES-R #:|2548| 14240.0 2400.0 0.0 256.0 256.0)
 (LD39::STRIPES-R #:|2549| 14240.0 2656.0 0.0 256.0 256.0)
 (LD39::STRIPES-R #:|2550| 14240.0 2912.0 0.0 256.0 256.0)
 (LD39::STRIPES-R #:|2551| 14240.0 3168.0 0.0 256.0 256.0)
 (LD39::STRIPES-R #:|2552| 14240.0 3424.0 0.0 256.0 256.0)
 (LD39::CORNER-L #:|2559| 6384.0 2032.0 0.0 32.0 32.0)
 (LD39::DEBRIS-9 #:|2563| 10688.0 1888.0 0.0 256.0 256.0)
 (LD39::DEBRIS-8 #:|2565| 6432.0 1888.0 0.0 256.0 256.0)
 (LD39::DEBRIS-7 #:|2567| 6560.0 1888.0 0.0 256.0 256.0)
 (LD39::DEBRIS-6 #:|2569| 10496.0 1888.0 0.0 256.0 256.0)
 (LD39::DEBRIS-5 #:|2571| 6592.0 1888.0 0.0 256.0 256.0)
 (LD39::DEBRIS-4 #:|2573| 10560.0 1888.0 0.0 256.0 256.0)
 (LD39::DEBRIS-3 #:|2575| 10304.0 1888.0 0.0 256.0 256.0)
 (LD39::DEBRIS-2 #:|2577| 10304.0 1888.0 0.0 256.0 256.0)
 (LD39::DEBRIS-1 #:|2579| 10208.0 1888.0 0.0 256.0 256.0)
 (LD39::TIRE-1 #:|2582| 10080.0 1984.0 0.0 128.0 128.0)
 (LD39::PIPE-1 #:|2590| 11136.0 1856.0 0.0 256.0 256.0)
 (LD39::PIPE-1 #:|2591| 11136.0 1376.0 0.0 256.0 256.0)
 (LD39::CRATE-0 #:|2601| 11616.0 1952.0 0.0 128.0 128.0)
 (LD39::CRATE-0 #:|2602| 11808.0 1952.0 0.0 128.0 128.0)
 (LD39::CRATE-0 #:|2603| 11712.0 1824.0 0.0 128.0 128.0)
 (LD39::CRATE-0 #:|2604| 12000.0 1952.0 0.0 128.0 128.0)
 (LD39::CABLES-4 #:|2610| 9824.0 1600.0 0.0 512.0 512.0)
 (LD39::CABLES-2 #:|2613| 8512.0 1600.0 0.0 512.0 512.0)
 (LD39::CABLES-3 #:|2615| 8320.0 1600.0 0.0 512.0 512.0)
 (LD39::CABLES-0 #:|2625| 5888.0 1600.0 0.0 512.0 512.0)
 (LD39::CABLES-1 #:|2627| 5952.0 1600.0 0.0 512.0 512.0)
 (LD39::BARREL-3 #:|2647| 7232.0 1952.0 0.0 128.0 128.0)
 (LD39::BARREL-1 #:|2650| 7360.0 1952.0 0.0 128.0 128.0)
 (LD39::BARREL-1 #:|2674| 6112.0 544.0 0.0 128.0 128.0)
 (LD39::BARREL-2 #:|2676| 5984.0 544.0 0.0 128.0 128.0)
 (LD39::BARREL-3 #:|2678| 5856.0 544.0 0.0 128.0 128.0)
 (LD39::CABLES-1 #:|2684| 4672.0 448.0 0.0 512.0 512.0)
 (LD39::CABLES-2 #:|2686| 4480.0 448.0 0.0 512.0 512.0)
 (LD39::CABLES-8 #:|2697| 7200.0 160.0 0.0 512.0 512.0)
 (LD39::STRIPES-R #:|2721| 7360.0 768.0 0.0 256.0 256.0)
 (LD39::DECAL-0 #:|2725| 7776.0 1056.0 0.0 256.0 256.0)
 (LD39::DECAL-1 #:|2727| 5248.0 672.0 0.0 256.0 256.0)
 (LD39::DECAL-2 #:|2729| -320.0 -64.0 0.0 256.0 256.0)
 (LD39::PIPE-0 #:|2758| 0.0 -32.0 0.0 256.0 256.0)
 (LD39::PIPE-3 #:|2769| 3040.0 -32.0 0.0 256.0 256.0)
 (LD39::PIPE-3 #:|2770| 6880.0 -32.0 0.0 256.0 256.0)
 (LD39::PIPE-3 #:|2771| 6880.0 480.0 0.0 256.0 256.0)
 (LD39::PIPE-3 #:|2772| 6880.0 1120.0 0.0 256.0 256.0)
 (LD39::PIPE-3 #:|2773| 4928.0 1120.0 0.0 256.0 256.0)
 (LD39::PIPE-3 #:|2774| 2176.0 1120.0 0.0 256.0 256.0)
 (LD39::DEBRIS-2 #:|2795| 6112.0 -32.0 0.0 256.0 256.0)
 (LD39::DEBRIS-5 #:|2803| 5920.0 -32.0 0.0 256.0 256.0)
 (LD39::DEBRIS-7 #:|2810| 4576.0 -32.0 0.0 256.0 256.0)
 (LD39::DEBRIS-9 #:|2813| 4384.0 -32.0 0.0 256.0 256.0)
 (LD39::DEBRIS-8 #:|2819| 3584.0 -32.0 0.0 256.0 256.0)
 (LD39::DEBRIS-9 #:|2821| 3680.0 -32.0 0.0 256.0 256.0)
 (LD39::DEBRIS-3 #:|2830| 2464.0 -32.0 0.0 256.0 256.0)
 (LD39::DEBRIS-3 #:|2831| 0.0 -32.0 0.0 256.0 256.0)
 (LD39::DEBRIS-4 #:|2835| 2304.0 -32.0 0.0 256.0 256.0)
 (LD39::DEBRIS-9 #:|2841| 448.0 -32.0 0.0 256.0 256.0)
 (LD39::DEBRIS-6 #:|2849| 544.0 -32.0 0.0 256.0 256.0)
 (LD39::DEBRIS-5 #:|2861| 2592.0 480.0 0.0 256.0 256.0)
 (LD39::DECAL-0 #:|2871| 1920.0 1120.0 0.0 256.0 256.0)
 (LD39::DECAL-1 #:|2875| 2432.0 0.0 0.0 256.0 256.0)
 (LD39::BARREL-1 #:|2887| 192.0 32.0 0.0 128.0 128.0)
 (LD39::BARREL-2 #:|2889| -128.0 544.0 0.0 128.0 128.0)
 (LD39::BARREL-2 #:|2890| 32.0 544.0 0.0 128.0 128.0)
 (LD39::BARREL-4 #:|2893| 160.0 544.0 0.0 128.0 128.0)
 (LD39::BARREL-4 #:|2894| 2528.0 544.0 0.0 128.0 128.0)
 (LD39::CABLES-2 #:|2916| 2368.0 448.0 0.0 512.0 512.0)
 (LD39::CRATE-0 #:|2926| 2400.0 544.0 0.0 128.0 128.0)
 (LD39::CRATE-0 #:|2927| 2048.0 544.0 0.0 128.0 128.0)
 (LD39::CRATE-0 #:|2928| 1920.0 544.0 0.0 128.0 128.0)
 (LD39::CRATE-0 #:|2929| 1376.0 544.0 0.0 128.0 128.0)
 (LD39::DEBRIS-0 #:|2941| 1216.0 480.0 0.0 256.0 256.0)
 (LD39::DEBRIS-1 #:|2945| 288.0 480.0 0.0 256.0 256.0)
 (LD39::DEBRIS-4 #:|2951| 320.0 480.0 0.0 256.0 256.0)
 (LD39::DEBRIS-6 #:|2954| 3552.0 480.0 0.0 256.0 256.0)
 (LD39::DEBRIS-7 #:|2956| 3648.0 480.0 0.0 256.0 256.0)
 (LD39::DEBRIS-9 #:|2961| 4800.0 1120.0 0.0 256.0 256.0)
 (LD39::BARREL-0 #:|2979| 3168.0 1184.0 0.0 128.0 128.0)
 (LD39::BARREL-0 #:|2980| 3040.0 1184.0 0.0 128.0 128.0)
 (LD39::BARREL-0 #:|2981| 2752.0 1184.0 0.0 128.0 128.0)
 (LD39::BARREL-1 #:|2983| 4160.0 1184.0 0.0 128.0 128.0)
 (LD39::BARREL-2 #:|2985| 6560.0 1184.0 0.0 128.0 128.0)
 (LD39::BARREL-3 #:|2987| 5248.0 1184.0 0.0 128.0 128.0)
 (LD39::BARREL-4 #:|2989| 5376.0 1184.0 0.0 128.0 128.0)
 (LD39::CABLES-0 #:|2993| 2848.0 1600.0 0.0 512.0 512.0)
 (LD39::CABLES-1 #:|2995| 32.0 960.0 0.0 512.0 512.0)
 (LD39::CABLES-2 #:|2997| 256.0 960.0 0.0 512.0 512.0)
 (LD39::CABLES-2 #:|2998| 672.0 960.0 0.0 512.0 512.0)
 (LD39::CABLES-3 #:|3000| 1376.0 960.0 0.0 512.0 512.0)
 (LD39::CABLES-4 #:|3002| 64.0 1600.0 0.0 512.0 512.0)
 (LD39::CABLES-2 #:|3009| 416.0 1600.0 0.0 512.0 512.0)
 (LD39::CABLES-6 #:|3018| 64.0 1728.0 0.0 512.0 512.0)
 (LD39::CABLES-4 #:|3023| 2944.0 1600.0 0.0 512.0 512.0)
 (LD39::GROUND #:|3070| 3664.0 3856.0 0.0 5408.0 2848.0)
 (LD39::GROUND #:|3072| 160.0 3840.0 0.0 704.0 3584.0)
 (LD39::BARREL-3 #:|3079| 416.0 1984.0 0.0 128.0 128.0)
 (LD39::BARREL-0 #:|3087| 288.0 1984.0 0.0 128.0 128.0)
 (LD39::BARREL-0 #:|3088| 160.0 1984.0 0.0 128.0 128.0)
 (LD39::DEBRIS-7 #:|3108| 64.0 1920.0 0.0 256.0 256.0)
 (LD39::DEBRIS-5 #:|3115| -32.0 1920.0 0.0 256.0 256.0)
 (LD39::DEBRIS-6 #:|3125| -128.0 1920.0 0.0 256.0 256.0)
 (LD39::DECAL-2 #:|3155| 384.0 2176.0 0.0 256.0 256.0)
 (LD39::STRIPES-R #:|3163| 864.0 2560.0 0.0 256.0 256.0)
 (LD39::BARREL-3 #:|3178| 1088.0 2368.0 0.0 128.0 128.0)
 (LD39::BARREL-3 #:|3179| 1184.0 2368.0 0.0 128.0 128.0)
 (LD39::BARREL-1 #:|3186| 1312.0 2368.0 0.0 128.0 128.0)
 (LD39::BARREL-0 #:|3188| 6304.0 2368.0 0.0 128.0 128.0)
 (LD39::BARREL-0 #:|3189| 6208.0 2368.0 0.0 128.0 128.0)
 (LD39::BARREL-0 #:|3190| 6112.0 2368.0 0.0 128.0 128.0)
 (LD39::BARREL-0 #:|3191| 5984.0 2368.0 0.0 128.0 128.0)
 (LD39::CRATE-0 #:|3227| 5824.0 2368.0 0.0 128.0 128.0)
 (LD39::CRATE-0 #:|3228| 5664.0 2368.0 0.0 128.0 128.0)
 (LD39::CRATE-0 #:|3229| 5536.0 2368.0 0.0 128.0 128.0)
 (LD39::CRATE-0 #:|3230| 5376.0 1984.0 0.0 128.0 128.0)
 (LD39::CRATE-1 #:|3234| 5248.0 1984.0 0.0 128.0 128.0)
 (LD39::PIPE-1 #:|3239| 5920.0 1920.0 0.0 256.0 256.0)
 (LD39::PIPE-1 #:|3240| 2176.0 1888.0 0.0 256.0 256.0)
 (LD39::PIPE-1 #:|3241| 736.0 1920.0 0.0 256.0 256.0)
 (LD39::PIPE-4 #:|3245| 736.0 5472.0 0.0 256.0 256.0)
 (LD39::CRATE-1 #:|3253| 576.0 5568.0 0.0 128.0 128.0)
 (LD39::CABLES-7 #:|3257| 768.0 5216.0 0.0 512.0 512.0)
 (LD39::CABLES-6 #:|3259| 768.0 2688.0 0.0 512.0 512.0)
 (LD39::CABLES-5 #:|3261| 704.0 3424.0 0.0 512.0 512.0)
 (LD39::CABLES-8 #:|3269| 704.0 5280.0 0.0 512.0 512.0)
 (LD39::STRIPES-R #:|3297| 864.0 5152.0 0.0 256.0 256.0)
 (LD39::DECAL-0 #:|3299| 992.0 5472.0 0.0 256.0 256.0)
 (LD39::CABLES-4 #:|3321| 9824.0 4960.0 0.0 512.0 512.0)
 (LD39::CABLES-5 #:|3323| 10048.0 5408.0 0.0 512.0 512.0)
 (LD39::CABLES-6 #:|3325| 9856.0 5152.0 0.0 512.0 512.0)
 (LD39::CRATE-1 #:|3330| 10432.0 5216.0 0.0 128.0 128.0)
 (LD39::PIPE-4 #:|3348| 9792.0 5472.0 0.0 256.0 256.0)
 (LD39::PIPE-4 #:|3349| 11904.0 5408.0 0.0 256.0 256.0)
 (LD39::PIPE-4 #:|3350| 13280.0 5408.0 0.0 256.0 256.0)
 (LD39::PIPE-4 #:|3351| 14688.0 5408.0 0.0 256.0 256.0)
 (LD39::PIPE-4 #:|3352| 16224.0 5408.0 0.0 256.0 256.0)
 (LD39::PIPE-0 #:|3359| 17056.0 5120.0 0.0 256.0 256.0)
 (LD39::LIGHT-SWITCH #:|3394| 17216.0 5248.0 0.0 64.0 64.0)
 (LD39::CABLES-1 #:|3404| 11456.0 4960.0 0.0 512.0 512.0)
 (LD39::CABLES-2 #:|3406| 14048.0 4960.0 0.0 512.0 512.0)
 (LD39::CABLES-3 #:|3410| 15168.0 4960.0 0.0 512.0 512.0)
 (LD39::CRATE-1 #:|3421| 16832.0 5216.0 0.0 128.0 128.0)
 (LD39::CRATE-0 #:|3425| 15552.0 5216.0 0.0 128.0 128.0)
 (LD39::CRATE-0 #:|3430| 12448.0 5216.0 0.0 128.0 128.0)
 (LD39::BARREL-4 #:|3443| 12800.0 5216.0 0.0 128.0 128.0)
 (LD39::BARREL-3 #:|3445| 12704.0 5216.0 0.0 128.0 128.0)
 (LD39::BARREL-3 #:|3446| 14016.0 5216.0 0.0 128.0 128.0)
 (LD39::DECAL-2 #:|3460| 9472.0 5088.0 0.0 256.0 256.0)
 (LD39::DEBRIS-9 #:|3468| 9376.0 5504.0 0.0 256.0 256.0)
 (LD39::DEBRIS-8 #:|3470| 6144.0 5504.0 0.0 256.0 256.0)
 (LD39::DEBRIS-7 #:|3474| 6432.0 5504.0 0.0 256.0 256.0)
 (LD39::DEBRIS-6 #:|3476| 6336.0 5504.0 0.0 256.0 256.0)
 (LD39::DEBRIS-5 #:|3478| 9216.0 5504.0 0.0 256.0 256.0)
 (LD39::DEBRIS-4 #:|3480| 3712.0 5504.0 0.0 256.0 256.0)
 (LD39::DEBRIS-3 #:|3482| 2624.0 5504.0 0.0 256.0 256.0)
 (LD39::DEBRIS-3 #:|3483| 3872.0 5504.0 0.0 256.0 256.0)
 (LD39::DEBRIS-2 #:|3485| 992.0 5504.0 0.0 256.0 256.0)
 (LD39::DEBRIS-3 #:|3487| 992.0 5504.0 0.0 256.0 256.0)
 (LD39::DEBRIS-1 #:|3490| 1184.0 5504.0 0.0 256.0 256.0)
 (LD39::DEBRIS-0 #:|3492| 3616.0 5504.0 0.0 256.0 256.0)
 (LD39::DECAL-0 #:|3509| 6016.0 5440.0 0.0 256.0 256.0)
 (LD39::DECAL-1 #:|3511| 10784.0 4864.0 0.0 256.0 256.0)
 (LD39::DECAL-2 #:|3513| 16736.0 5408.0 0.0 256.0 256.0)
 (LD39::BARREL-0 #:|3520| 11328.0 5216.0 0.0 128.0 128.0)
 (LD39::BARREL-1 #:|3522| 11232.0 5216.0 0.0 128.0 128.0)
 (LD39::BARREL-1 #:|3970| 1632.0 5568.0 0.0 128.0 128.0)
 (LD39::BARREL-3 #:|3973| 1696.0 5568.0 0.0 128.0 128.0)
 (LD39::BARREL-3 #:|3974| 1824.0 5568.0 0.0 128.0 128.0)
 (LD39::BARREL-3 #:|3975| 1760.0 5568.0 0.0 128.0 128.0)
 (LD39::BARREL-2 #:|3985| 3136.0 5568.0 0.0 128.0 128.0)
 (LD39::BARREL-3 #:|3987| 3232.0 5568.0 0.0 128.0 128.0)
 (LD39::CRATE-0 #:|3999| 4384.0 5568.0 0.0 128.0 128.0)
 (LD39::CRATE-0 #:|4000| 4448.0 5440.0 0.0 128.0 128.0)
 (LD39::CRATE-0 #:|4001| 4512.0 5568.0 0.0 128.0 128.0)
 (LD39::CRATE-1 #:|4003| 4640.0 5568.0 0.0 128.0 128.0)
 (LD39::BARREL-1 #:|4024| 5824.0 5568.0 0.0 128.0 128.0)
 (LD39::BARREL-0 #:|4026| 5760.0 5440.0 0.0 128.0 128.0)
 (LD39::BARREL-0 #:|4027| 5696.0 5568.0 0.0 128.0 128.0)
 (LD39::BARREL-3 #:|4037| 7584.0 5568.0 0.0 128.0 128.0)
 (LD39::BARREL-4 #:|4041| 7488.0 5568.0 0.0 128.0 128.0)
 (LD39::BARREL-1 #:|4047| 9152.0 5568.0 0.0 128.0 128.0)
 (LD39::DECAL-1 #:|4060| 9056.0 5408.0 0.0 256.0 256.0)
 (LD39::CABLES-2 #:|4101| 6784.0 5536.0 0.0 512.0 512.0)
 (LD39::BARREL-2 #:|4111| 7680.0 5568.0 0.0 128.0 128.0)
 (LD39::CORNER-L #:|4159| 10320.0 5296.0 0.0 32.0 32.0)
 (LD39::CORNER-R #:|4161| 11504.0 5296.0 0.0 32.0 32.0)
 (LD39::CORNER-L #:|4163| 12336.0 5296.0 0.0 32.0 32.0)
 (LD39::CORNER-R #:|4165| 12816.0 5296.0 0.0 32.0 32.0)
 (LD39::CORNER-L #:|4167| 13680.0 5296.0 0.0 32.0 32.0)
 (LD39::CORNER-R #:|4169| 14160.0 5296.0 0.0 32.0 32.0)
 (LD39::CORNER-L #:|4171| 15184.0 5296.0 0.0 32.0 32.0)
 (LD39::CORNER-R #:|4173| 15696.0 5296.0 0.0 32.0 32.0)
 (LD39::CORNER-L #:|4175| 16656.0 5296.0 0.0 32.0 32.0)
 (LD39::CORNER-L #:|4200| 3440.0 112.0 0.0 32.0 32.0)
 (LD39::CORNER-R #:|4202| 2640.0 112.0 0.0 32.0 32.0)
 (LD39::DEBRIS-2 #:|4214| 736.0 -32.0 0.0 256.0 256.0)
 (LD39::PUDDLE #:|4341| 12576.0 5296.0 0.0 512.0 32.0)
 (LD39::PUDDLE #:|4342| 13920.0 5296.0 0.0 512.0 32.0)
 (LD39::PUDDLE #:|4343| 15424.0 5296.0 0.0 512.0 32.0)
 (LD39::PUDDLE #:|4344| 7296.0 5648.0 0.0 512.0 32.0)
 (LD39::DEBRIS-1 #:|4376| 4928.0 5504.0 0.0 256.0 256.0)
 (LD39::DEBRIS-3 #:|4379| 5440.0 5504.0 0.0 256.0 256.0)
 (LD39::DECAL-R #:|4563| -320.0 32.0 0.0 256.0 256.0)
 (LD39::DECAL-R #:|4565| 10688.0 2624.0 0.0 256.0 256.0)
 (LD39::GROUND #:|4575| 14272.0 3616.0 0.0 128.0 64.0)
 (LD39::BARREL-2 #:|4587| 14272.0 3520.0 0.0 128.0 128.0)
 (LD39::CORNER-L #:|4634| 14224.0 3600.0 0.0 32.0 32.0)
 (LD39::CORNER-R #:|4638| 10800.0 3344.0 0.0 32.0 32.0)
 (LD39::DECAL-L #:|4648| 6496.0 2112.0 0.0 256.0 256.0)
 (LD39::DECAL-L #:|4649| 1088.0 2528.0 0.0 256.0 256.0)
 (LD39::DECAL-R #:|4654| 384.0 2176.0 0.0 256.0 256.0)
 (LD39::DECAL-R #:|4655| 384.0 2336.0 0.0 256.0 256.0)
 (LD39::DECAL-R #:|4656| 384.0 2208.0 0.0 256.0 256.0)
 (LD39::CORNER-L #:|4671| 976.0 2448.0 0.0 32.0 32.0)
 (LD39::CORNER-L #:|4672| 976.0 2064.0 0.0 32.0 32.0)
 (LD39::CORNER-R #:|4674| 496.0 2064.0 0.0 32.0 32.0)
 (LD39::BARREL-0 #:|4690| 1216.0 1184.0 0.0 128.0 128.0)
 (LD39::BARREL-1 #:|4692| 1120.0 1184.0 0.0 128.0 128.0)
 (LD39::BARREL-0 #:|4698| -128.0 1184.0 0.0 128.0 128.0)
 (LD39::BARREL-3 #:|4702| 0.0 1184.0 0.0 128.0 128.0)
 (LD39::DECAL-L #:|4740| 1088.0 3488.0 0.0 256.0 256.0)
 (LD39::DECAL-R #:|4744| 384.0 5216.0 0.0 256.0 256.0)
 (LD39::DEBRIS-0 #:|4776| 8224.0 5504.0 0.0 256.0 256.0)
 (LD39::DEBRIS-2 #:|4779| 8384.0 5536.0 0.0 256.0 256.0)
 (LD39::DEBRIS-3 #:|4781| 8448.0 5504.0 0.0 256.0 256.0)
 (LD39::DEBRIS-4 #:|4783| 8992.0 5504.0 0.0 256.0 256.0)
 (LD39::DECAL-R #:|4802| 9472.0 5216.0 0.0 256.0 256.0)
 (LD39::DECAL-L #:|4804| 10432.0 5376.0 0.0 256.0 256.0)
 (LD39::EXIT #:|1284| 19648.0 4992.0 0.0 512.0 576.0)
 (LD39::PUDDLE #:|1332| 14304.0 4720.0 0.0 512.0 32.0)
 (LD39::PLAYER :PLAYER 25.0 32.0 0.0 128.0 128.0)
 (LD39::GROUND #:|1170| 18656.0 5456.0 0.0 4032.0 352.0)
 (LD39::GROUND #:|1173| 19104.0 112.0 0.0 3200.0 9184.0)
 (LD39::GROUND #:|1175| 20304.0 6144.0 0.0 800.0 2880.0)
 (LD39::BARREL-1 #:|1185| 18208.0 5216.0 0.0 128.0 128.0)
 (LD39::BARREL-1 #:|1186| 18080.0 5216.0 0.0 128.0 128.0)
 (LD39::BARREL-3 #:|1189| 17920.0 5216.0 0.0 128.0 128.0)
 (LD39::BARREL-4 #:|1191| 17376.0 5216.0 0.0 128.0 128.0)
 (LD39::CRATE-0 #:|1193| 17760.0 5216.0 0.0 128.0 128.0)
 (LD39::CABLES-0 #:|1200| 17376.0 4960.0 0.0 512.0 512.0)
 (LD39::CABLES-2 #:|1203| 17536.0 4960.0 0.0 512.0 512.0)
 (LD39::CABLES-2 #:|1204| 18016.0 4960.0 0.0 512.0 512.0)
 (LD39::CABLES-2 #:|1205| 18464.0 4928.0 0.0 512.0 512.0)
 (LD39::CABLES-3 #:|1207| 18784.0 4960.0 0.0 512.0 512.0)
 (LD39::CABLES-4 #:|1209| 19136.0 4960.0 0.0 512.0 512.0)
 (LD39::PIPE-1 #:|1216| 18464.0 5120.0 0.0 256.0 256.0)
 (LD39::DEBRIS-1 #:|1222| 18688.0 5152.0 0.0 256.0 256.0)
 (LD39::DEBRIS-3 #:|1225| 18912.0 5152.0 0.0 256.0 256.0)
 (LD39::DEBRIS-3 #:|1226| 19104.0 5152.0 0.0 256.0 256.0)
 (LD39::DEBRIS-4 #:|1228| 18208.0 5152.0 0.0 256.0 256.0)
 (LD39::DEBRIS-4 #:|1229| 18752.0 6496.0 0.0 256.0 256.0))
(LD39::LIGHT-TIMER :LIGHT-TIMER 2400 800)
