((LD39::GROUND #:|4932| -912.0 2912.0 0.0 1120.0 5888.0)
 (LD39::GROUND #:|4934| 4560.0 6224.0 0.0 12064.0 736.0)
 (LD39::GROUND #:|4936| 11088.0 3248.0 0.0 992.0 6560.0)
 (LD39::PIPE-0 #:|4971| 32.0 384.0 0.0 256.0 256.0)
 (LD39::GROUND #:|5035| 2384.0 2784.0 0.0 3936.0 5632.0)
 (LD39::GROUND #:|5044| 32.0 528.0 0.0 128.0 32.0)
 (LD39::CORNER-L #:|5082| -16.0 528.0 0.0 32.0 32.0)
 (LD39::CORNER-R #:|5084| 80.0 528.0 0.0 32.0 32.0)
 (LD39::CORNER-R #:|5085| -368.0 -16.0 0.0 32.0 32.0)
 (LD39::CORNER-L #:|5087| 432.0 -16.0 0.0 32.0 32.0)
 (LD39::STRIPES-R #:|5091| -480.0 96.0 0.0 256.0 256.0)
 (LD39::STRIPES-L #:|5095| 544.0 96.0 0.0 256.0 256.0)
 (LD39::CABLES-3 #:|5132| 128.0 800.0 0.0 512.0 512.0)
 (LD39::CABLES-5 #:|5139| 160.0 352.0 0.0 512.0 512.0)
 (LD39::CABLES-7 #:|5142| -96.0 384.0 0.0 512.0 512.0)
 (LD39::DECAL-2 #:|5178| 32.0 128.0 0.0 256.0 256.0)
 (LD39::CABLES-8 #:|5204| 160.0 1440.0 0.0 512.0 512.0)
 (LD39::CABLES-6 #:|5207| -96.0 1792.0 0.0 512.0 512.0)
 (LD39::PIPE-2 #:|5215| 32.0 1600.0 0.0 256.0 256.0)
 (LD39::PIPE-2 #:|5216| 32.0 3296.0 0.0 256.0 256.0)
 (LD39::PIPE-2 #:|5217| 32.0 5472.0 0.0 256.0 256.0)
 (LD39::DEBRIS-4 #:|5235| 384.0 3360.0 0.0 256.0 256.0)
 (LD39::DEBRIS-5 #:|5237| -384.0 3744.0 0.0 256.0 256.0)
 (LD39::DECAL-0 #:|5247| -128.0 3424.0 0.0 256.0 256.0)
 (LD39::DECAL-1 #:|5249| -32.0 5344.0 0.0 256.0 256.0)
 (LD39::DECAL-2 #:|5251| 512.0 5440.0 0.0 256.0 256.0)
 (LD39::DECAL-L #:|5253| 544.0 5504.0 0.0 256.0 256.0)
 (LD39::DECAL-R #:|5255| -480.0 5248.0 0.0 256.0 256.0)
 (LD39::PUDDLE #:|5259| 32.0 5872.0 0.0 512.0 32.0)
 (LD39::BARREL-4 #:|5271| -224.0 5792.0 0.0 128.0 128.0)
 (LD39::BARREL-2 #:|5288| -288.0 5792.0 0.0 128.0 128.0)
 (LD39::CABLES-7 #:|5308| -96.0 4960.0 0.0 512.0 512.0)
 (LD39::DEBRIS-0 #:|5322| 736.0 5728.0 0.0 256.0 256.0)
 (LD39::CABLES-8 #:|5383| 160.0 5216.0 0.0 512.0 512.0)
 (LD39::CABLES-5 #:|5397| 160.0 3616.0 0.0 512.0 512.0)
 (LD39::DEBRIS-3 #:|5444| -512.0 -160.0 0.0 256.0 256.0)
 (LD39::DEBRIS-5 #:|5447| 416.0 -160.0 0.0 256.0 256.0)
 (LD39::DEBRIS-6 #:|5531| -416.0 -160.0 0.0 256.0 256.0)
 (LD39::TIRE-1 #:|5581| 640.0 5792.0 0.0 128.0 128.0)
 (LD39::DEBRIS-1 #:|5584| 1472.0 5728.0 0.0 256.0 256.0)
 (LD39::DEBRIS-2 #:|5586| 2592.0 5728.0 0.0 256.0 256.0)
 (LD39::DEBRIS-3 #:|5588| 1376.0 5728.0 0.0 256.0 256.0)
 (LD39::DEBRIS-3 #:|5589| 800.0 5728.0 0.0 256.0 256.0)
 (LD39::DEBRIS-4 #:|5591| 2560.0 5728.0 0.0 256.0 256.0)
 (LD39::DEBRIS-5 #:|5593| 4256.0 5728.0 0.0 256.0 256.0)
 (LD39::DEBRIS-6 #:|5595| 3232.0 5728.0 0.0 256.0 256.0)
 (LD39::DEBRIS-7 #:|5597| 2432.0 5728.0 0.0 256.0 256.0)
 (LD39::DEBRIS-8 #:|5599| 3232.0 5728.0 0.0 256.0 256.0)
 (LD39::DEBRIS-9 #:|5601| 3328.0 5728.0 0.0 256.0 256.0)
 (LD39::CABLES-2 #:|5635| 1120.0 5856.0 0.0 512.0 512.0)
 (LD39::CABLES-2 #:|5638| 2944.0 5856.0 0.0 512.0 512.0)
 (LD39::CABLES-2 #:|5639| 3360.0 5856.0 0.0 512.0 512.0)
 (LD39::CABLES-2 #:|5640| 3776.0 5856.0 0.0 512.0 512.0)
 (LD39::BARREL-1 #:|5674| 2304.0 5792.0 0.0 128.0 128.0)
 (LD39::BARREL-3 #:|5685| 1632.0 5792.0 0.0 128.0 128.0)
 (LD39::BARREL-3 #:|5686| 1728.0 5792.0 0.0 128.0 128.0)
 (LD39::BARREL-4 #:|5688| 1824.0 5792.0 0.0 128.0 128.0)
 (LD39::GROUND #:|6542| 8240.0 2464.0 0.0 1952.0 128.0)
 (LD39::GROUND #:|6544| 6848.0 1248.0 0.0 832.0 2560.0)
 (LD39::GROUND #:|6549| 8864.0 288.0 0.0 3456.0 640.0)
 (LD39::GROUND #:|6552| 9312.0 1792.0 0.0 2560.0 128.0)
 (LD39::GROUND #:|6554| 7472.0 2256.0 0.0 416.0 288.0)
 (LD39::GROUND #:|6557| 7344.0 1920.0 0.0 224.0 384.0)
 (LD39::GROUND #:|6560| 10016.0 1536.0 0.0 1152.0 384.0)
 (LD39::GROUND #:|6562| 8096.0 1392.0 0.0 1664.0 96.0)
 (LD39::PIPE-0 #:|6591| 7424.0 1216.0 0.0 256.0 256.0)
 (LD39::LIGHT-SWITCH #:|6627| 7552.0 1312.0 0.0 64.0 64.0)
 (LD39::GROUND #:|6654| 7360.0 4400.0 0.0 64.0 96.0)
 (LD39::GROUND #:|6658| 7296.0 4896.0 0.0 64.0 64.0)
 (LD39::GROUND #:|6662| 6848.0 4896.0 0.0 64.0 64.0)
 (LD39::GROUND #:|6741| 5760.0 5024.0 0.0 64.0 64.0)
 (LD39::GROUND #:|6750| 5824.0 5552.0 0.0 192.0 96.0)
 (LD39::GROUND #:|6757| 6432.0 5424.0 0.0 256.0 96.0)
 (LD39::GROUND #:|6760| 5440.0 5808.0 0.0 64.0 96.0)
 (LD39::LIGHT-SWITCH #:|7005| 10080.0 4160.0 0.0 64.0 64.0)
 (LD39::LIGHT-SWITCH #:|7006| 6624.0 4032.0 0.0 64.0 64.0)
 (LD39::GROUND #:|7029| 10016.0 4640.0 0.0 64.0 64.0)
 (LD39::LIGHT-SWITCH #:|7090| 9984.0 4544.0 0.0 64.0 64.0)
 (LD39::GROUND #:|7098| 10544.0 4800.0 0.0 96.0 320.0)
 (LD39::LIGHT-SWITCH #:|7128| 8928.0 3136.0 0.0 64.0 64.0)
 (LD39::LIGHT-SWITCH #:|7162| 9856.0 2272.0 0.0 64.0 64.0)
 (LD39::CABLES-6 #:|7205| 4608.0 5536.0 0.0 512.0 512.0)
 (LD39::CABLES-8 #:|7214| 10208.0 1952.0 0.0 512.0 512.0)
 (LD39::CABLES-7 #:|7216| 7936.0 2272.0 0.0 512.0 512.0)
 (LD39::CABLES-8 #:|7220| 7776.0 1856.0 0.0 512.0 512.0)
 (LD39::CABLES-6 #:|7225| 7712.0 1888.0 0.0 512.0 512.0)
 (LD39::CABLES-4 #:|7236| 7744.0 1696.0 0.0 512.0 512.0)
 (LD39::CABLES-2 #:|7239| 8256.0 1696.0 0.0 512.0 512.0)
 (LD39::CABLES-3 #:|7241| 8960.0 864.0 0.0 512.0 512.0)
 (LD39::CABLES-2 #:|7247| 9184.0 864.0 0.0 512.0 512.0)
 (LD39::CABLES-1 #:|7249| 9632.0 864.0 0.0 512.0 512.0)
 (LD39::CABLES-0 #:|7251| 10336.0 864.0 0.0 512.0 512.0)
 (LD39::CABLES-8 #:|7262| 10336.0 1056.0 0.0 512.0 512.0)
 (LD39::PIPE-3 #:|7271| 9344.0 2080.0 0.0 256.0 256.0)
 (LD39::PIPE-3 #:|7272| 8160.0 2080.0 0.0 256.0 256.0)
 (LD39::PIPE-4 #:|7274| 10304.0 1216.0 0.0 256.0 256.0)
 (LD39::DEBRIS-1 #:|7281| 9184.0 2272.0 0.0 256.0 256.0)
 (LD39::DEBRIS-2 #:|7285| 9536.0 1216.0 0.0 256.0 256.0)
 (LD39::CORNER-R #:|7329| 9200.0 2416.0 0.0 32.0 32.0)
 (LD39::CORNER-R #:|7332| 7664.0 2128.0 0.0 32.0 32.0)
 (LD39::CORNER-R #:|7333| 7440.0 1744.0 0.0 32.0 32.0)
 (LD39::CORNER-L #:|7335| 8048.0 1744.0 0.0 32.0 32.0)
 (LD39::CORNER-L #:|7336| 9456.0 1360.0 0.0 32.0 32.0)
 (LD39::CORNER-R #:|7338| 8912.0 1360.0 0.0 32.0 32.0)
 (LD39::DEBRIS-9 #:|7343| 7840.0 2272.0 0.0 256.0 256.0)
 (LD39::DEBRIS-8 #:|7347| 7456.0 1984.0 0.0 256.0 256.0)
 (LD39::DEBRIS-7 #:|7349| 7968.0 2272.0 0.0 256.0 256.0)
 (LD39::DEBRIS-6 #:|7351| 8992.0 2272.0 0.0 256.0 256.0)
 (LD39::DEBRIS-5 #:|7353| 9312.0 1600.0 0.0 256.0 256.0)
 (LD39::DEBRIS-4 #:|7355| 8576.0 1600.0 0.0 256.0 256.0)
 (LD39::DEBRIS-3 #:|7357| 8768.0 1600.0 0.0 256.0 256.0)
 (LD39::DEBRIS-1 #:|7362| 8992.0 1600.0 0.0 256.0 256.0)
 (LD39::DEBRIS-3 #:|7365| 9056.0 1600.0 0.0 256.0 256.0)
 (LD39::DEBRIS-0 #:|7369| 9376.0 1600.0 0.0 256.0 256.0)
 (LD39::BARREL-3 #:|7390| 8320.0 1664.0 0.0 128.0 128.0)
 (LD39::BARREL-1 #:|7393| 8256.0 1664.0 0.0 128.0 128.0)
 (LD39::BARREL-0 #:|7397| 7328.0 1664.0 0.0 128.0 128.0)
 (LD39::BARREL-0 #:|7398| 8736.0 2336.0 0.0 128.0 128.0)
 (LD39::BARREL-0 #:|7399| 8608.0 2336.0 0.0 128.0 128.0)
 (LD39::BARREL-3 #:|7405| 8512.0 2336.0 0.0 128.0 128.0)
 (LD39::STRIPES-L #:|7448| 9568.0 1472.0 0.0 256.0 256.0)
 (LD39::STRIPES-R #:|7450| 7552.0 2240.0 0.0 256.0 256.0)
 (LD39::STRIPES-R #:|7451| 7328.0 1856.0 0.0 256.0 256.0)
 (LD39::DEBRIS-8 #:|7459| 8352.0 2272.0 0.0 256.0 256.0)
 (LD39::DEBRIS-6 #:|7464| 9728.0 1216.0 0.0 256.0 256.0)
 (LD39::DEBRIS-5 #:|7468| 9792.0 1216.0 0.0 256.0 256.0)
 (LD39::DEBRIS-3 #:|7471| 9792.0 1216.0 0.0 256.0 256.0)
 (LD39::DEBRIS-0 #:|7475| 10528.0 1216.0 0.0 256.0 256.0)
 (LD39::CABLES-7 #:|7488| 7520.0 768.0 0.0 512.0 512.0)
 (LD39::CABLES-4 #:|7492| 7520.0 864.0 0.0 512.0 512.0)
 (LD39::CABLES-3 #:|7496| 7744.0 864.0 0.0 512.0 512.0)
 (LD39::CABLES-2 #:|7500| 7904.0 864.0 0.0 512.0 512.0)
 (LD39::CABLES-1 #:|7502| 7968.0 864.0 0.0 512.0 512.0)
 (LD39::CABLES-0 #:|7506| 8480.0 864.0 0.0 512.0 512.0)
 (LD39::DECAL-2 #:|7528| 9536.0 1440.0 0.0 256.0 256.0)
 (LD39::DECAL-1 #:|7530| 8896.0 1248.0 0.0 256.0 256.0)
 (LD39::DECAL-0 #:|7532| 10208.0 1984.0 0.0 256.0 256.0)
 (LD39::DEBRIS-9 #:|7538| 4544.0 5728.0 0.0 256.0 256.0)
 (LD39::DEBRIS-7 #:|7541| 3872.0 5728.0 0.0 256.0 256.0)
 (LD39::DEBRIS-4 #:|7547| 3808.0 5728.0 0.0 256.0 256.0)
 (LD39::DEBRIS-5 #:|7549| 5888.0 4320.0 0.0 256.0 256.0)
 (LD39::DEBRIS-5 #:|7562| 9184.0 2272.0 0.0 256.0 256.0)
 (LD39::DEBRIS-4 #:|7564| 8512.0 3584.0 0.0 256.0 256.0)
 (LD39::DEBRIS-5 #:|7566| 7552.0 4000.0 0.0 256.0 256.0)
 (LD39::DEBRIS-4 #:|7568| 6496.0 4000.0 0.0 256.0 256.0)
 (LD39::DEBRIS-4 #:|7569| 5056.0 4896.0 0.0 256.0 256.0)
 (LD39::DEBRIS-2 #:|7574| 5184.0 4832.0 0.0 256.0 256.0)
 (LD39::STRIPES-R #:|7594| 4224.0 5440.0 0.0 256.0 256.0)
 (LD39::DECAL-1 #:|7601| 6112.0 4480.0 0.0 256.0 256.0)
 (LD39::BARREL-3 #:|7626| 7104.0 4000.0 0.0 128.0 128.0)
 (LD39::DEBRIS-1 #:|7648| 7840.0 1216.0 0.0 256.0 256.0)
 (LD39::DEBRIS-3 #:|7651| 8096.0 1216.0 0.0 256.0 256.0)
 (LD39::DEBRIS-5 #:|7654| 8160.0 1216.0 0.0 256.0 256.0)
 (LD39::DEBRIS-6 #:|7656| 8256.0 1216.0 0.0 256.0 256.0)
 (LD39::DEBRIS-9 #:|7660| 8832.0 1216.0 0.0 256.0 256.0)
 (LD39::LIGHT-SWITCH #:|7697| 10208.0 5824.0 0.0 64.0 64.0)
 (LD39::LIGHT-SWITCH #:|7698| 8992.0 4800.0 0.0 64.0 64.0)
 (LD39::GROUND #:|910| 7984.0 4656.0 0.0 608.0 96.0)
 (LD39::GROUND #:|921| 6800.0 4128.0 0.0 480.0 64.0)
 (LD39::LIGHT-SWITCH #:|932| 6816.0 5824.0 0.0 64.0 64.0)
 (LD39::LIGHT-SWITCH #:|933| 5760.0 4960.0 0.0 64.0 64.0)
 (LD39::LIGHT-SWITCH #:|934| 7968.0 4576.0 0.0 64.0 64.0)
 (LD39::GROUND #:|942| 8832.0 4912.0 0.0 320.0 96.0)
 (LD39::GROUND #:|945| 9248.0 4528.0 0.0 256.0 96.0)
 (LD39::GROUND #:|948| 9648.0 5168.0 0.0 544.0 96.0)
 (LD39::GROUND #:|952| 10320.0 4912.0 0.0 352.0 96.0)
 (LD39::GROUND #:|955| 10016.0 4272.0 0.0 512.0 96.0)
 (LD39::GROUND #:|958| 9968.0 3760.0 0.0 288.0 96.0)
 (LD39::GROUND #:|961| 9344.0 3504.0 0.0 192.0 96.0)
 (LD39::GROUND #:|964| 9024.0 3248.0 0.0 192.0 96.0)
 (LD39::GROUND #:|967| 9744.0 3104.0 0.0 224.0 64.0)
 (LD39::GROUND #:|970| 10336.0 2992.0 0.0 512.0 96.0)
 (LD39::GROUND #:|973| 10128.0 2608.0 0.0 224.0 96.0)
 (LD39::GROUND #:|976| 9728.0 2336.0 0.0 320.0 64.0)
 (LD39::GROUND #:|979| 7072.0 5296.0 0.0 320.0 96.0)
 (LD39::CRATE-0 #:|7485| 7680.0 1280.0 0.0 128.0 128.0)
 (LD39::CRATE-1 #:|6686| 6848.0 4896.0 0.0 128.0 128.0)
 (LD39::CRATE-1 #:|6812| 5440.0 5792.0 0.0 128.0 128.0)
 (LD39::CRATE-1 #:|7053| 10016.0 4640.0 0.0 128.0 128.0)
 (LD39::CRATE-1 #:|7055| 10528.0 4640.0 0.0 128.0 128.0)
 (LD39::CRATE-0 #:|5311| 320.0 5792.0 0.0 128.0 128.0)
 (LD39::CRATE-1 #:|5313| 544.0 5792.0 0.0 128.0 128.0)
 (LD39::CRATE-0 #:|5754| 10528.0 5792.0 0.0 128.0 128.0)
 (LD39::CRATE-0 #:|5755| 10496.0 5664.0 0.0 128.0 128.0)
 (LD39::CRATE-0 #:|5756| 10400.0 5792.0 0.0 128.0 128.0)
 (LD39::CRATE-0 #:|5757| 10528.0 5536.0 0.0 128.0 128.0)
 (LD39::CRATE-0 #:|5758| 10368.0 5664.0 0.0 128.0 128.0)
 (LD39::CRATE-0 #:|5759| 10272.0 5792.0 0.0 128.0 128.0)
 (LD39::CRATE-0 #:|5760| 10400.0 5536.0 0.0 128.0 128.0)
 (LD39::CRATE-0 #:|5761| 10496.0 5408.0 0.0 128.0 128.0)
 (LD39::CRATE-0 #:|5762| 10528.0 5280.0 0.0 128.0 128.0)
 (LD39::CRATE-0 #:|5763| 10496.0 5152.0 0.0 128.0 128.0)
 (LD39::CRATE-0 #:|5764| 10528.0 5024.0 0.0 128.0 128.0)
 (LD39::CRATE-0 #:|5765| 10496.0 4896.0 0.0 128.0 128.0)
 (LD39::CRATE-0 #:|5766| 10528.0 4768.0 0.0 128.0 128.0)
 (LD39::CRATE-0 #:|5768| 10528.0 4512.0 0.0 128.0 128.0)
 (LD39::CRATE-0 #:|5769| 10496.0 4384.0 0.0 128.0 128.0)
 (LD39::CRATE-0 #:|5770| 10528.0 4256.0 0.0 128.0 128.0)
 (LD39::CRATE-0 #:|5771| 10496.0 4128.0 0.0 128.0 128.0)
 (LD39::CRATE-0 #:|5772| 10528.0 4000.0 0.0 128.0 128.0)
 (LD39::CRATE-0 #:|5773| 10496.0 3872.0 0.0 128.0 128.0)
 (LD39::CRATE-0 #:|5774| 10528.0 3744.0 0.0 128.0 128.0)
 (LD39::CRATE-0 #:|5775| 10496.0 3616.0 0.0 128.0 128.0)
 (LD39::CRATE-0 #:|5776| 10528.0 3488.0 0.0 128.0 128.0)
 (LD39::CRATE-0 #:|5777| 10496.0 3360.0 0.0 128.0 128.0)
 (LD39::CRATE-0 #:|5778| 10528.0 3232.0 0.0 128.0 128.0)
 (LD39::CRATE-0 #:|5780| 10496.0 3104.0 0.0 128.0 128.0)
 (LD39::CRATE-0 #:|5781| 10528.0 2976.0 0.0 128.0 128.0)
 (LD39::CRATE-0 #:|5782| 10496.0 2848.0 0.0 128.0 128.0)
 (LD39::CRATE-0 #:|5783| 10528.0 2720.0 0.0 128.0 128.0)
 (LD39::CRATE-0 #:|5784| 10496.0 2592.0 0.0 128.0 128.0)
 (LD39::CRATE-0 #:|5785| 10528.0 2464.0 0.0 128.0 128.0)
 (LD39::CRATE-0 #:|5786| 10496.0 2336.0 0.0 128.0 128.0)
 (LD39::CRATE-0 #:|5787| 10528.0 2208.0 0.0 128.0 128.0)
 (LD39::CRATE-0 #:|5788| 10496.0 2080.0 0.0 128.0 128.0)
 (LD39::CRATE-0 #:|5789| 10528.0 1952.0 0.0 128.0 128.0)
 (LD39::CRATE-0 #:|5790| 10368.0 5408.0 0.0 128.0 128.0)
 (LD39::CRATE-0 #:|5791| 10400.0 5280.0 0.0 128.0 128.0)
 (LD39::CRATE-0 #:|5792| 10400.0 5024.0 0.0 128.0 128.0)
 (LD39::CRATE-0 #:|5793| 10400.0 4768.0 0.0 128.0 128.0)
 (LD39::CRATE-0 #:|5794| 10400.0 4512.0 0.0 128.0 128.0)
 (LD39::CRATE-0 #:|5795| 10400.0 4256.0 0.0 128.0 128.0)
 (LD39::CRATE-0 #:|5796| 10400.0 4000.0 0.0 128.0 128.0)
 (LD39::CRATE-0 #:|5797| 10400.0 3744.0 0.0 128.0 128.0)
 (LD39::CRATE-0 #:|5798| 10400.0 3488.0 0.0 128.0 128.0)
 (LD39::CRATE-0 #:|5799| 10400.0 3232.0 0.0 128.0 128.0)
 (LD39::CRATE-0 #:|5800| 10400.0 2976.0 0.0 128.0 128.0)
 (LD39::CRATE-0 #:|5801| 10400.0 2720.0 0.0 128.0 128.0)
 (LD39::CRATE-0 #:|5802| 10400.0 2464.0 0.0 128.0 128.0)
 (LD39::CRATE-0 #:|5803| 10400.0 2208.0 0.0 128.0 128.0)
 (LD39::CRATE-0 #:|5804| 10368.0 2080.0 0.0 128.0 128.0)
 (LD39::CRATE-0 #:|5805| 10272.0 2208.0 0.0 128.0 128.0)
 (LD39::CRATE-0 #:|5806| 10336.0 2336.0 0.0 128.0 128.0)
 (LD39::CRATE-0 #:|5807| 10368.0 2592.0 0.0 128.0 128.0)
 (LD39::CRATE-0 #:|5808| 10368.0 2848.0 0.0 128.0 128.0)
 (LD39::CRATE-0 #:|5809| 10336.0 3104.0 0.0 128.0 128.0)
 (LD39::CRATE-0 #:|5810| 10368.0 3360.0 0.0 128.0 128.0)
 (LD39::CRATE-0 #:|5811| 10336.0 3616.0 0.0 128.0 128.0)
 (LD39::CRATE-0 #:|5812| 10336.0 3872.0 0.0 128.0 128.0)
 (LD39::CRATE-0 #:|5813| 10304.0 4128.0 0.0 128.0 128.0)
 (LD39::CRATE-0 #:|5814| 10336.0 4384.0 0.0 128.0 128.0)
 (LD39::CRATE-0 #:|5815| 10368.0 4640.0 0.0 128.0 128.0)
 (LD39::CRATE-0 #:|5817| 10368.0 5152.0 0.0 128.0 128.0)
 (LD39::CRATE-0 #:|5819| 10240.0 2464.0 0.0 128.0 128.0)
 (LD39::CRATE-0 #:|5820| 10272.0 2720.0 0.0 128.0 128.0)
 (LD39::CRATE-0 #:|5821| 10208.0 2848.0 0.0 128.0 128.0)
 (LD39::CRATE-0 #:|5823| 10112.0 2976.0 0.0 128.0 128.0)
 (LD39::CRATE-0 #:|5824| 10208.0 3104.0 0.0 128.0 128.0)
 (LD39::CRATE-0 #:|5825| 10272.0 3232.0 0.0 128.0 128.0)
 (LD39::CRATE-0 #:|5826| 10208.0 3360.0 0.0 128.0 128.0)
 (LD39::CRATE-0 #:|5827| 10272.0 3488.0 0.0 128.0 128.0)
 (LD39::CRATE-0 #:|5828| 10176.0 3616.0 0.0 128.0 128.0)
 (LD39::CRATE-0 #:|5829| 10240.0 3744.0 0.0 128.0 128.0)
 (LD39::CRATE-0 #:|5830| 10240.0 4000.0 0.0 128.0 128.0)
 (LD39::CRATE-0 #:|5832| 10272.0 4512.0 0.0 128.0 128.0)
 (LD39::CRATE-0 #:|5833| 10272.0 4768.0 0.0 128.0 128.0)
 (LD39::CRATE-0 #:|5834| 10272.0 5024.0 0.0 128.0 128.0)
 (LD39::CRATE-0 #:|5835| 10272.0 5280.0 0.0 128.0 128.0)
 (LD39::CRATE-0 #:|5836| 10272.0 5536.0 0.0 128.0 128.0)
 (LD39::CRATE-0 #:|5837| 10208.0 5664.0 0.0 128.0 128.0)
 (LD39::CRATE-0 #:|5838| 10112.0 5792.0 0.0 128.0 128.0)
 (LD39::CRATE-0 #:|5839| 10176.0 2336.0 0.0 128.0 128.0)
 (LD39::CRATE-0 #:|5840| 10112.0 2720.0 0.0 128.0 128.0)
 (LD39::CRATE-0 #:|5841| 10048.0 2592.0 0.0 128.0 128.0)
 (LD39::CRATE-0 #:|5842| 10112.0 2464.0 0.0 128.0 128.0)
 (LD39::CRATE-0 #:|5843| 9984.0 2464.0 0.0 128.0 128.0)
 (LD39::CRATE-0 #:|5844| 10016.0 2336.0 0.0 128.0 128.0)
 (LD39::CRATE-0 #:|5845| 9888.0 2592.0 0.0 128.0 128.0)
 (LD39::CRATE-0 #:|5846| 9952.0 2720.0 0.0 128.0 128.0)
 (LD39::CRATE-0 #:|5847| 10016.0 2848.0 0.0 128.0 128.0)
 (LD39::CRATE-0 #:|5848| 9920.0 2976.0 0.0 128.0 128.0)
 (LD39::CRATE-0 #:|5849| 10016.0 3104.0 0.0 128.0 128.0)
 (LD39::CRATE-0 #:|5850| 10112.0 3232.0 0.0 128.0 128.0)
 (LD39::CRATE-0 #:|5851| 10144.0 3488.0 0.0 128.0 128.0)
 (LD39::CRATE-0 #:|5852| 10048.0 3360.0 0.0 128.0 128.0)
 (LD39::CRATE-0 #:|5853| 9984.0 3488.0 0.0 128.0 128.0)
 (LD39::CRATE-0 #:|5854| 10048.0 3616.0 0.0 128.0 128.0)
 (LD39::CRATE-0 #:|5855| 10112.0 3744.0 0.0 128.0 128.0)
 (LD39::CRATE-0 #:|5856| 10048.0 3872.0 0.0 128.0 128.0)
 (LD39::CRATE-0 #:|5857| 10176.0 3872.0 0.0 128.0 128.0)
 (LD39::CRATE-0 #:|5858| 10080.0 4000.0 0.0 128.0 128.0)
 (LD39::CRATE-0 #:|5859| 10144.0 4128.0 0.0 128.0 128.0)
 (LD39::CRATE-0 #:|5860| 10112.0 4256.0 0.0 128.0 128.0)
 (LD39::CRATE-0 #:|5861| 10016.0 4128.0 0.0 128.0 128.0)
 (LD39::CRATE-0 #:|5862| 10176.0 4384.0 0.0 128.0 128.0)
 (LD39::CRATE-0 #:|5863| 10016.0 4384.0 0.0 128.0 128.0)
 (LD39::CRATE-0 #:|5864| 9888.0 4384.0 0.0 128.0 128.0)
 (LD39::CRATE-0 #:|5865| 9952.0 4256.0 0.0 128.0 128.0)
 (LD39::CRATE-0 #:|5866| 10080.0 4512.0 0.0 128.0 128.0)
 (LD39::CRATE-0 #:|5867| 10176.0 4640.0 0.0 128.0 128.0)
 (LD39::CRATE-0 #:|5868| 10112.0 4768.0 0.0 128.0 128.0)
 (LD39::CRATE-0 #:|5869| 10176.0 4896.0 0.0 128.0 128.0)
 (LD39::CRATE-0 #:|5870| 10240.0 5152.0 0.0 128.0 128.0)
 (LD39::CRATE-0 #:|5871| 10144.0 5024.0 0.0 128.0 128.0)
 (LD39::CRATE-0 #:|5872| 10080.0 5152.0 0.0 128.0 128.0)
 (LD39::CRATE-0 #:|5873| 10144.0 5280.0 0.0 128.0 128.0)
 (LD39::CRATE-0 #:|5874| 10208.0 5408.0 0.0 128.0 128.0)
 (LD39::CRATE-0 #:|5875| 10112.0 5536.0 0.0 128.0 128.0)
 (LD39::CRATE-0 #:|5876| 10080.0 5664.0 0.0 128.0 128.0)
 (LD39::CRATE-0 #:|5877| 9984.0 5792.0 0.0 128.0 128.0)
 (LD39::CRATE-0 #:|5878| 9952.0 5664.0 0.0 128.0 128.0)
 (LD39::CRATE-0 #:|5879| 9856.0 5792.0 0.0 128.0 128.0)
 (LD39::CRATE-0 #:|5880| 9792.0 5664.0 0.0 128.0 128.0)
 (LD39::CRATE-0 #:|5881| 9888.0 5536.0 0.0 128.0 128.0)
 (LD39::CRATE-0 #:|5882| 10048.0 5408.0 0.0 128.0 128.0)
 (LD39::CRATE-0 #:|5883| 9888.0 5408.0 0.0 128.0 128.0)
 (LD39::CRATE-0 #:|5884| 9984.0 5280.0 0.0 128.0 128.0)
 (LD39::CRATE-0 #:|5885| 9920.0 4512.0 0.0 128.0 128.0)
 (LD39::CRATE-0 #:|5887| 10048.0 4896.0 0.0 128.0 128.0)
 (LD39::CRATE-0 #:|5888| 9984.0 5024.0 0.0 128.0 128.0)
 (LD39::CRATE-0 #:|5889| 9920.0 5152.0 0.0 128.0 128.0)
 (LD39::CRATE-0 #:|5890| 9824.0 5280.0 0.0 128.0 128.0)
 (LD39::CRATE-0 #:|5891| 9760.0 5536.0 0.0 128.0 128.0)
 (LD39::CRATE-0 #:|5892| 9728.0 5408.0 0.0 128.0 128.0)
 (LD39::CRATE-0 #:|5893| 9696.0 5792.0 0.0 128.0 128.0)
 (LD39::CRATE-0 #:|5894| 9664.0 5664.0 0.0 128.0 128.0)
 (LD39::CRATE-0 #:|5895| 9568.0 5792.0 0.0 128.0 128.0)
 (LD39::CRATE-0 #:|5896| 9632.0 5536.0 0.0 128.0 128.0)
 (LD39::CRATE-0 #:|5897| 9536.0 5664.0 0.0 128.0 128.0)
 (LD39::CRATE-0 #:|5898| 9440.0 5792.0 0.0 128.0 128.0)
 (LD39::CRATE-0 #:|5899| 9280.0 5792.0 0.0 128.0 128.0)
 (LD39::CRATE-0 #:|5900| 9344.0 5664.0 0.0 128.0 128.0)
 (LD39::CRATE-0 #:|5901| 9440.0 5536.0 0.0 128.0 128.0)
 (LD39::CRATE-0 #:|5902| 9536.0 5408.0 0.0 128.0 128.0)
 (LD39::CRATE-0 #:|5903| 9632.0 5280.0 0.0 128.0 128.0)
 (LD39::CRATE-0 #:|5905| 9824.0 5024.0 0.0 128.0 128.0)
 (LD39::CRATE-0 #:|5906| 9888.0 4896.0 0.0 128.0 128.0)
 (LD39::CRATE-0 #:|5907| 9952.0 4768.0 0.0 128.0 128.0)
 (LD39::CRATE-0 #:|5908| 9152.0 5792.0 0.0 128.0 128.0)
 (LD39::CRATE-0 #:|5909| 9184.0 5664.0 0.0 128.0 128.0)
 (LD39::CRATE-0 #:|5910| 9280.0 5536.0 0.0 128.0 128.0)
 (LD39::CRATE-0 #:|5911| 9408.0 5408.0 0.0 128.0 128.0)
 (LD39::CRATE-0 #:|5912| 9280.0 5408.0 0.0 128.0 128.0)
 (LD39::CRATE-0 #:|5913| 9472.0 5280.0 0.0 128.0 128.0)
 (LD39::CRATE-0 #:|5914| 9344.0 5280.0 0.0 128.0 128.0)
 (LD39::CRATE-0 #:|5915| 9408.0 5152.0 0.0 128.0 128.0)
 (LD39::CRATE-0 #:|5916| 9568.0 5152.0 0.0 128.0 128.0)
 (LD39::CRATE-0 #:|5917| 9664.0 5024.0 0.0 128.0 128.0)
 (LD39::CRATE-0 #:|5918| 9504.0 5024.0 0.0 128.0 128.0)
 (LD39::CRATE-0 #:|5919| 9600.0 4896.0 0.0 128.0 128.0)
 (LD39::CRATE-0 #:|5920| 9760.0 4896.0 0.0 128.0 128.0)
 (LD39::CRATE-0 #:|5921| 9696.0 4768.0 0.0 128.0 128.0)
 (LD39::CRATE-0 #:|5922| 9824.0 4768.0 0.0 128.0 128.0)
 (LD39::CRATE-0 #:|5923| 9856.0 4640.0 0.0 128.0 128.0)
 (LD39::CRATE-0 #:|5924| 9696.0 4640.0 0.0 128.0 128.0)
 (LD39::CRATE-0 #:|5925| 9792.0 4512.0 0.0 128.0 128.0)
 (LD39::CRATE-0 #:|5926| 9856.0 2848.0 0.0 128.0 128.0)
 (LD39::CRATE-0 #:|5927| 9792.0 2720.0 0.0 128.0 128.0)
 (LD39::CRATE-0 #:|5928| 9760.0 2976.0 0.0 128.0 128.0)
 (LD39::CRATE-0 #:|5929| 9824.0 3104.0 0.0 128.0 128.0)
 (LD39::CRATE-0 #:|5930| 9920.0 3232.0 0.0 128.0 128.0)
 (LD39::CRATE-0 #:|5931| 9760.0 3232.0 0.0 128.0 128.0)
 (LD39::CRATE-0 #:|5933| 9696.0 2848.0 0.0 128.0 128.0)
 (LD39::CRATE-0 #:|5934| 9632.0 2976.0 0.0 128.0 128.0)
 (LD39::CRATE-0 #:|5935| 9536.0 3104.0 0.0 128.0 128.0)
 (LD39::CRATE-0 #:|5936| 9568.0 3232.0 0.0 128.0 128.0)
 (LD39::CRATE-0 #:|5937| 9664.0 3360.0 0.0 128.0 128.0)
 (LD39::CRATE-0 #:|5938| 9824.0 3360.0 0.0 128.0 128.0)
 (LD39::CRATE-0 #:|5939| 9856.0 3488.0 0.0 128.0 128.0)
 (LD39::CRATE-0 #:|5940| 9920.0 3616.0 0.0 128.0 128.0)
 (LD39::CRATE-0 #:|5941| 9728.0 3488.0 0.0 128.0 128.0)
 (LD39::CRATE-0 #:|5942| 9792.0 3616.0 0.0 128.0 128.0)
 (LD39::CRATE-0 #:|5944| 9856.0 3744.0 0.0 128.0 128.0)
 (LD39::CRATE-0 #:|5945| 9472.0 3360.0 0.0 128.0 128.0)
 (LD39::CRATE-0 #:|5946| 9568.0 3488.0 0.0 128.0 128.0)
 (LD39::CRATE-0 #:|5947| 9472.0 3616.0 0.0 128.0 128.0)
 (LD39::CRATE-0 #:|5948| 9632.0 3616.0 0.0 128.0 128.0)
 (LD39::CRATE-0 #:|5949| 9696.0 3744.0 0.0 128.0 128.0)
 (LD39::CRATE-0 #:|5950| 9568.0 3744.0 0.0 128.0 128.0)
 (LD39::CRATE-0 #:|5951| 9376.0 3744.0 0.0 128.0 128.0)
 (LD39::CRATE-0 #:|5952| 9344.0 3616.0 0.0 128.0 128.0)
 (LD39::CRATE-0 #:|5954| 9440.0 3232.0 0.0 128.0 128.0)
 (LD39::CRATE-0 #:|5955| 9344.0 3360.0 0.0 128.0 128.0)
 (LD39::CRATE-0 #:|5956| 9280.0 3488.0 0.0 128.0 128.0)
 (LD39::CRATE-0 #:|5957| 9408.0 3872.0 0.0 128.0 128.0)
 (LD39::CRATE-0 #:|5958| 9536.0 3872.0 0.0 128.0 128.0)
 (LD39::CRATE-0 #:|5959| 9664.0 3872.0 0.0 128.0 128.0)
 (LD39::CRATE-0 #:|5960| 9792.0 3872.0 0.0 128.0 128.0)
 (LD39::CRATE-0 #:|5961| 9920.0 3872.0 0.0 128.0 128.0)
 (LD39::CRATE-0 #:|5962| 9952.0 4000.0 0.0 128.0 128.0)
 (LD39::CRATE-0 #:|5963| 9792.0 4000.0 0.0 128.0 128.0)
 (LD39::CRATE-0 #:|5964| 9888.0 4128.0 0.0 128.0 128.0)
 (LD39::CRATE-0 #:|5965| 9600.0 4000.0 0.0 128.0 128.0)
 (LD39::CRATE-0 #:|5966| 9696.0 4128.0 0.0 128.0 128.0)
 (LD39::CRATE-0 #:|5968| 9696.0 4384.0 0.0 128.0 128.0)
 (LD39::CRATE-0 #:|5969| 9632.0 4256.0 0.0 128.0 128.0)
 (LD39::CRATE-0 #:|5970| 9568.0 4128.0 0.0 128.0 128.0)
 (LD39::CRATE-0 #:|5971| 9472.0 4000.0 0.0 128.0 128.0)
 (LD39::CRATE-0 #:|5972| 9408.0 4128.0 0.0 128.0 128.0)
 (LD39::CRATE-0 #:|5973| 9504.0 4256.0 0.0 128.0 128.0)
 (LD39::CRATE-0 #:|5974| 9408.0 4384.0 0.0 128.0 128.0)
 (LD39::CRATE-0 #:|5975| 9568.0 4384.0 0.0 128.0 128.0)
 (LD39::CRATE-0 #:|5976| 9632.0 4512.0 0.0 128.0 128.0)
 (LD39::CRATE-0 #:|5977| 9504.0 4512.0 0.0 128.0 128.0)
 (LD39::CRATE-0 #:|5978| 9568.0 4640.0 0.0 128.0 128.0)
 (LD39::CRATE-0 #:|5979| 9536.0 4768.0 0.0 128.0 128.0)
 (LD39::CRATE-0 #:|5980| 9440.0 4640.0 0.0 128.0 128.0)
 (LD39::CRATE-0 #:|5981| 9344.0 4512.0 0.0 128.0 128.0)
 (LD39::CRATE-0 #:|5982| 9344.0 4768.0 0.0 128.0 128.0)
 (LD39::CRATE-0 #:|5983| 9440.0 4896.0 0.0 128.0 128.0)
 (LD39::CRATE-0 #:|5984| 9344.0 5024.0 0.0 128.0 128.0)
 (LD39::CRATE-0 #:|5985| 9248.0 5152.0 0.0 128.0 128.0)
 (LD39::CRATE-0 #:|5986| 9184.0 5280.0 0.0 128.0 128.0)
 (LD39::CRATE-0 #:|5987| 9152.0 5408.0 0.0 128.0 128.0)
 (LD39::CRATE-0 #:|5988| 9120.0 5536.0 0.0 128.0 128.0)
 (LD39::CRATE-0 #:|5989| 9024.0 5664.0 0.0 128.0 128.0)
 (LD39::CRATE-0 #:|5990| 8960.0 5792.0 0.0 128.0 128.0)
 (LD39::CRATE-0 #:|5991| 9280.0 4896.0 0.0 128.0 128.0)
 (LD39::CRATE-0 #:|5992| 9312.0 4640.0 0.0 128.0 128.0)
 (LD39::CRATE-0 #:|5993| 9312.0 4256.0 0.0 128.0 128.0)
 (LD39::CRATE-0 #:|5994| 9344.0 4000.0 0.0 128.0 128.0)
 (LD39::CRATE-0 #:|5995| 9184.0 3616.0 0.0 128.0 128.0)
 (LD39::CRATE-0 #:|5996| 9248.0 3744.0 0.0 128.0 128.0)
 (LD39::CRATE-0 #:|5997| 9248.0 3872.0 0.0 128.0 128.0)
 (LD39::CRATE-0 #:|5998| 9120.0 3744.0 0.0 128.0 128.0)
 (LD39::CRATE-0 #:|5999| 9056.0 3872.0 0.0 128.0 128.0)
 (LD39::CRATE-0 #:|6000| 9152.0 4000.0 0.0 128.0 128.0)
 (LD39::CRATE-0 #:|6001| 9248.0 4128.0 0.0 128.0 128.0)
 (LD39::CRATE-0 #:|6002| 9088.0 4128.0 0.0 128.0 128.0)
 (LD39::CRATE-0 #:|6003| 8992.0 4000.0 0.0 128.0 128.0)
 (LD39::CRATE-0 #:|6004| 8896.0 4128.0 0.0 128.0 128.0)
 (LD39::CRATE-0 #:|6005| 8992.0 4256.0 0.0 128.0 128.0)
 (LD39::CRATE-0 #:|6006| 8832.0 4256.0 0.0 128.0 128.0)
 (LD39::CRATE-0 #:|6007| 9152.0 4256.0 0.0 128.0 128.0)
 (LD39::CRATE-0 #:|6008| 9248.0 4384.0 0.0 128.0 128.0)
 (LD39::CRATE-0 #:|6009| 9088.0 4384.0 0.0 128.0 128.0)
 (LD39::CRATE-0 #:|6010| 8896.0 4384.0 0.0 128.0 128.0)
 (LD39::CRATE-0 #:|6011| 8992.0 4512.0 0.0 128.0 128.0)
 (LD39::CRATE-0 #:|6013| 9184.0 4640.0 0.0 128.0 128.0)
 (LD39::CRATE-0 #:|6014| 9216.0 4768.0 0.0 128.0 128.0)
 (LD39::CRATE-0 #:|6015| 9120.0 4896.0 0.0 128.0 128.0)
 (LD39::CRATE-0 #:|6016| 9184.0 5024.0 0.0 128.0 128.0)
 (LD39::CRATE-0 #:|6017| 9056.0 4768.0 0.0 128.0 128.0)
 (LD39::CRATE-0 #:|6018| 9024.0 4640.0 0.0 128.0 128.0)
 (LD39::CRATE-0 #:|6019| 8800.0 4512.0 0.0 128.0 128.0)
 (LD39::CRATE-0 #:|6020| 8896.0 4640.0 0.0 128.0 128.0)
 (LD39::CRATE-0 #:|6021| 8736.0 4640.0 0.0 128.0 128.0)
 (LD39::CRATE-0 #:|6022| 8800.0 4768.0 0.0 128.0 128.0)
 (LD39::CRATE-0 #:|6023| 8928.0 4768.0 0.0 128.0 128.0)
 (LD39::CRATE-0 #:|6024| 8832.0 4896.0 0.0 128.0 128.0)
 (LD39::CRATE-0 #:|6026| 9056.0 5024.0 0.0 128.0 128.0)
 (LD39::CRATE-0 #:|6027| 9024.0 5152.0 0.0 128.0 128.0)
 (LD39::CRATE-0 #:|6028| 9056.0 5280.0 0.0 128.0 128.0)
 (LD39::CRATE-0 #:|6029| 8928.0 5024.0 0.0 128.0 128.0)
 (LD39::CRATE-0 #:|6030| 8768.0 5024.0 0.0 128.0 128.0)
 (LD39::CRATE-0 #:|6031| 8832.0 5152.0 0.0 128.0 128.0)
 (LD39::CRATE-0 #:|6032| 8928.0 5280.0 0.0 128.0 128.0)
 (LD39::CRATE-0 #:|6033| 8736.0 5280.0 0.0 128.0 128.0)
 (LD39::CRATE-0 #:|6034| 8672.0 5152.0 0.0 128.0 128.0)
 (LD39::CRATE-0 #:|6035| 8704.0 4896.0 0.0 128.0 128.0)
 (LD39::CRATE-0 #:|6036| 8640.0 4768.0 0.0 128.0 128.0)
 (LD39::CRATE-0 #:|6037| 8608.0 5024.0 0.0 128.0 128.0)
 (LD39::CRATE-0 #:|6038| 8512.0 5152.0 0.0 128.0 128.0)
 (LD39::CRATE-0 #:|6039| 8576.0 5280.0 0.0 128.0 128.0)
 (LD39::CRATE-0 #:|6040| 8416.0 5280.0 0.0 128.0 128.0)
 (LD39::CRATE-0 #:|6041| 8480.0 5408.0 0.0 128.0 128.0)
 (LD39::CRATE-0 #:|6042| 8672.0 5408.0 0.0 128.0 128.0)
 (LD39::CRATE-0 #:|6043| 8832.0 5408.0 0.0 128.0 128.0)
 (LD39::CRATE-0 #:|6044| 8992.0 5408.0 0.0 128.0 128.0)
 (LD39::CRATE-0 #:|6045| 8928.0 5536.0 0.0 128.0 128.0)
 (LD39::CRATE-0 #:|6046| 8864.0 5664.0 0.0 128.0 128.0)
 (LD39::CRATE-0 #:|6047| 8768.0 5792.0 0.0 128.0 128.0)
 (LD39::CRATE-0 #:|6048| 8768.0 5536.0 0.0 128.0 128.0)
 (LD39::CRATE-0 #:|6049| 8576.0 5536.0 0.0 128.0 128.0)
 (LD39::CRATE-0 #:|6050| 8672.0 5664.0 0.0 128.0 128.0)
 (LD39::CRATE-0 #:|6051| 8576.0 5792.0 0.0 128.0 128.0)
 (LD39::CRATE-0 #:|6052| 8480.0 5664.0 0.0 128.0 128.0)
 (LD39::CRATE-0 #:|6053| 8448.0 5536.0 0.0 128.0 128.0)
 (LD39::CRATE-0 #:|6054| 8448.0 5792.0 0.0 128.0 128.0)
 (LD39::CRATE-0 #:|6055| 8288.0 5792.0 0.0 128.0 128.0)
 (LD39::CRATE-0 #:|6056| 8352.0 5664.0 0.0 128.0 128.0)
 (LD39::CRATE-0 #:|6057| 8352.0 5408.0 0.0 128.0 128.0)
 (LD39::CRATE-0 #:|6058| 8288.0 5536.0 0.0 128.0 128.0)
 (LD39::CRATE-0 #:|6059| 8192.0 5664.0 0.0 128.0 128.0)
 (LD39::CRATE-0 #:|6060| 8096.0 5792.0 0.0 128.0 128.0)
 (LD39::CRATE-0 #:|6061| 8544.0 4896.0 0.0 128.0 128.0)
 (LD39::CRATE-0 #:|6062| 8448.0 5024.0 0.0 128.0 128.0)
 (LD39::CRATE-0 #:|6063| 8352.0 5152.0 0.0 128.0 128.0)
 (LD39::CRATE-0 #:|6064| 8256.0 5280.0 0.0 128.0 128.0)
 (LD39::CRATE-0 #:|6065| 8224.0 5408.0 0.0 128.0 128.0)
 (LD39::CRATE-0 #:|6067| 8160.0 5536.0 0.0 128.0 128.0)
 (LD39::CRATE-0 #:|6068| 8064.0 5664.0 0.0 128.0 128.0)
 (LD39::CRATE-0 #:|6069| 7968.0 5792.0 0.0 128.0 128.0)
 (LD39::CRATE-0 #:|6070| 7840.0 5792.0 0.0 128.0 128.0)
 (LD39::CRATE-0 #:|6071| 7904.0 5664.0 0.0 128.0 128.0)
 (LD39::CRATE-0 #:|6072| 7968.0 5536.0 0.0 128.0 128.0)
 (LD39::CRATE-0 #:|6073| 8064.0 5408.0 0.0 128.0 128.0)
 (LD39::CRATE-0 #:|6074| 8128.0 5280.0 0.0 128.0 128.0)
 (LD39::CRATE-0 #:|6075| 7968.0 5280.0 0.0 128.0 128.0)
 (LD39::CRATE-0 #:|6076| 7872.0 5408.0 0.0 128.0 128.0)
 (LD39::CRATE-0 #:|6077| 7840.0 5536.0 0.0 128.0 128.0)
 (LD39::CRATE-0 #:|6078| 7744.0 5664.0 0.0 128.0 128.0)
 (LD39::CRATE-0 #:|6079| 7648.0 5792.0 0.0 128.0 128.0)
 (LD39::CRATE-0 #:|6080| 7488.0 5792.0 0.0 128.0 128.0)
 (LD39::CRATE-0 #:|6081| 7552.0 5664.0 0.0 128.0 128.0)
 (LD39::CRATE-0 #:|6082| 7648.0 5536.0 0.0 128.0 128.0)
 (LD39::CRATE-0 #:|6083| 7744.0 5408.0 0.0 128.0 128.0)
 (LD39::CRATE-0 #:|6084| 7808.0 5280.0 0.0 128.0 128.0)
 (LD39::CRATE-0 #:|6085| 7296.0 5792.0 0.0 128.0 128.0)
 (LD39::CRATE-0 #:|6086| 7392.0 5664.0 0.0 128.0 128.0)
 (LD39::CRATE-0 #:|6087| 7488.0 5536.0 0.0 128.0 128.0)
 (LD39::CRATE-0 #:|6088| 7584.0 5408.0 0.0 128.0 128.0)
 (LD39::CRATE-0 #:|6089| 7648.0 5280.0 0.0 128.0 128.0)
 (LD39::CRATE-0 #:|6090| 7744.0 5152.0 0.0 128.0 128.0)
 (LD39::CRATE-0 #:|6091| 7904.0 5152.0 0.0 128.0 128.0)
 (LD39::CRATE-0 #:|6092| 8064.0 5152.0 0.0 128.0 128.0)
 (LD39::CRATE-0 #:|6093| 8192.0 5152.0 0.0 128.0 128.0)
 (LD39::CRATE-0 #:|6094| 8288.0 5024.0 0.0 128.0 128.0)
 (LD39::CRATE-0 #:|6095| 8000.0 5024.0 0.0 128.0 128.0)
 (LD39::CRATE-0 #:|6096| 8128.0 5024.0 0.0 128.0 128.0)
 (LD39::CRATE-0 #:|6097| 7808.0 5024.0 0.0 128.0 128.0)
 (LD39::CRATE-0 #:|6098| 7904.0 4896.0 0.0 128.0 128.0)
 (LD39::CRATE-0 #:|6099| 8096.0 4896.0 0.0 128.0 128.0)
 (LD39::CRATE-0 #:|6100| 8352.0 4896.0 0.0 128.0 128.0)
 (LD39::CRATE-0 #:|6101| 8000.0 4768.0 0.0 128.0 128.0)
 (LD39::CRATE-0 #:|6102| 8224.0 4896.0 0.0 128.0 128.0)
 (LD39::CRATE-0 #:|6103| 8192.0 4768.0 0.0 128.0 128.0)
 (LD39::CRATE-0 #:|6104| 8352.0 4768.0 0.0 128.0 128.0)
 (LD39::CRATE-0 #:|6105| 8480.0 4768.0 0.0 128.0 128.0)
 (LD39::CRATE-0 #:|6106| 8096.0 4640.0 0.0 128.0 128.0)
 (LD39::CRATE-0 #:|6108| 8416.0 4640.0 0.0 128.0 128.0)
 (LD39::CRATE-0 #:|6109| 8576.0 4640.0 0.0 128.0 128.0)
 (LD39::CRATE-0 #:|6110| 8640.0 4512.0 0.0 128.0 128.0)
 (LD39::CRATE-0 #:|6111| 8736.0 4384.0 0.0 128.0 128.0)
 (LD39::CRATE-0 #:|6113| 8480.0 4512.0 0.0 128.0 128.0)
 (LD39::CRATE-0 #:|6114| 8352.0 4512.0 0.0 128.0 128.0)
 (LD39::CRATE-0 #:|6115| 8192.0 4512.0 0.0 128.0 128.0)
 (LD39::CRATE-0 #:|6116| 8256.0 4384.0 0.0 128.0 128.0)
 (LD39::CRATE-0 #:|6117| 8416.0 4384.0 0.0 128.0 128.0)
 (LD39::CRATE-0 #:|6118| 8576.0 4384.0 0.0 128.0 128.0)
 (LD39::CRATE-0 #:|6119| 8320.0 4256.0 0.0 128.0 128.0)
 (LD39::CRATE-0 #:|6120| 8480.0 4256.0 0.0 128.0 128.0)
 (LD39::CRATE-0 #:|6121| 8672.0 4256.0 0.0 128.0 128.0)
 (LD39::CRATE-0 #:|6122| 8384.0 4128.0 0.0 128.0 128.0)
 (LD39::CRATE-0 #:|6123| 8576.0 4128.0 0.0 128.0 128.0)
 (LD39::CRATE-0 #:|6124| 8736.0 4128.0 0.0 128.0 128.0)
 (LD39::CRATE-0 #:|6125| 8864.0 4000.0 0.0 128.0 128.0)
 (LD39::CRATE-0 #:|6126| 8736.0 4000.0 0.0 128.0 128.0)
 (LD39::CRATE-0 #:|6127| 8608.0 4000.0 0.0 128.0 128.0)
 (LD39::CRATE-0 #:|6128| 8480.0 4000.0 0.0 128.0 128.0)
 (LD39::CRATE-0 #:|6129| 8896.0 3872.0 0.0 128.0 128.0)
 (LD39::CRATE-0 #:|6130| 8672.0 3872.0 0.0 128.0 128.0)
 (LD39::CRATE-0 #:|6131| 8544.0 3872.0 0.0 128.0 128.0)
 (LD39::CRATE-0 #:|6132| 8608.0 3744.0 0.0 128.0 128.0)
 (LD39::CRATE-0 #:|6133| 8736.0 3744.0 0.0 128.0 128.0)
 (LD39::CRATE-0 #:|6134| 8864.0 3744.0 0.0 128.0 128.0)
 (LD39::CRATE-0 #:|6135| 8992.0 3744.0 0.0 128.0 128.0)
 (LD39::CRATE-0 #:|6136| 8704.0 3616.0 0.0 128.0 128.0)
 (LD39::CRATE-0 #:|6137| 8896.0 3616.0 0.0 128.0 128.0)
 (LD39::CRATE-0 #:|6138| 9024.0 3616.0 0.0 128.0 128.0)
 (LD39::CRATE-0 #:|6139| 8800.0 3488.0 0.0 128.0 128.0)
 (LD39::CRATE-0 #:|6140| 8960.0 3488.0 0.0 128.0 128.0)
 (LD39::CRATE-0 #:|6141| 9120.0 3488.0 0.0 128.0 128.0)
 (LD39::CRATE-0 #:|6142| 8864.0 3360.0 0.0 128.0 128.0)
 (LD39::CRATE-0 #:|6143| 9024.0 3360.0 0.0 128.0 128.0)
 (LD39::CRATE-0 #:|6144| 9184.0 3360.0 0.0 128.0 128.0)
 (LD39::CRATE-0 #:|6145| 8928.0 3232.0 0.0 128.0 128.0)
 (LD39::CRATE-0 #:|6146| 9088.0 3232.0 0.0 128.0 128.0)
 (LD39::CRATE-0 #:|6147| 9248.0 3232.0 0.0 128.0 128.0)
 (LD39::CRATE-0 #:|6148| 9024.0 3104.0 0.0 128.0 128.0)
 (LD39::CRATE-0 #:|6149| 9184.0 3104.0 0.0 128.0 128.0)
 (LD39::CRATE-0 #:|6150| 9344.0 3104.0 0.0 128.0 128.0)
 (LD39::CRATE-0 #:|6151| 9120.0 2976.0 0.0 128.0 128.0)
 (LD39::CRATE-0 #:|6152| 9248.0 2976.0 0.0 128.0 128.0)
 (LD39::CRATE-0 #:|6153| 9440.0 2976.0 0.0 128.0 128.0)
 (LD39::CRATE-0 #:|6154| 9216.0 2848.0 0.0 128.0 128.0)
 (LD39::CRATE-0 #:|6155| 9344.0 2848.0 0.0 128.0 128.0)
 (LD39::CRATE-0 #:|6156| 9536.0 2848.0 0.0 128.0 128.0)
 (LD39::CRATE-0 #:|6157| 9312.0 2720.0 0.0 128.0 128.0)
 (LD39::CRATE-0 #:|6158| 9440.0 2720.0 0.0 128.0 128.0)
 (LD39::CRATE-0 #:|6159| 9600.0 2720.0 0.0 128.0 128.0)
 (LD39::CRATE-0 #:|6160| 9696.0 2592.0 0.0 128.0 128.0)
 (LD39::CRATE-0 #:|6161| 9536.0 2592.0 0.0 128.0 128.0)
 (LD39::CRATE-0 #:|6162| 9408.0 2592.0 0.0 128.0 128.0)
 (LD39::CRATE-0 #:|6163| 9792.0 2464.0 0.0 128.0 128.0)
 (LD39::CRATE-0 #:|6164| 9632.0 2464.0 0.0 128.0 128.0)
 (LD39::CRATE-0 #:|6165| 9504.0 2464.0 0.0 128.0 128.0)
 (LD39::CRATE-0 #:|6166| 9728.0 2336.0 0.0 128.0 128.0)
 (LD39::CRATE-0 #:|6167| 9600.0 2336.0 0.0 128.0 128.0)
 (LD39::CRATE-0 #:|6169| 9664.0 2208.0 0.0 128.0 128.0)
 (LD39::CRATE-0 #:|6170| 9824.0 2208.0 0.0 128.0 128.0)
 (LD39::CRATE-0 #:|6171| 10112.0 2208.0 0.0 128.0 128.0)
 (LD39::CRATE-0 #:|6173| 5024.0 5792.0 0.0 128.0 128.0)
 (LD39::CRATE-0 #:|6174| 5152.0 5792.0 0.0 128.0 128.0)
 (LD39::CRATE-0 #:|6175| 5312.0 5792.0 0.0 128.0 128.0)
 (LD39::CRATE-0 #:|6177| 5600.0 5792.0 0.0 128.0 128.0)
 (LD39::CRATE-0 #:|6178| 5760.0 5792.0 0.0 128.0 128.0)
 (LD39::CRATE-0 #:|6179| 5952.0 5792.0 0.0 128.0 128.0)
 (LD39::CRATE-0 #:|6180| 6080.0 5792.0 0.0 128.0 128.0)
 (LD39::CRATE-0 #:|6181| 6272.0 5792.0 0.0 128.0 128.0)
 (LD39::CRATE-0 #:|6182| 6432.0 5792.0 0.0 128.0 128.0)
 (LD39::CRATE-0 #:|6183| 6560.0 5792.0 0.0 128.0 128.0)
 (LD39::CRATE-0 #:|6184| 6752.0 5792.0 0.0 128.0 128.0)
 (LD39::CRATE-0 #:|6185| 6912.0 5792.0 0.0 128.0 128.0)
 (LD39::CRATE-0 #:|6186| 7040.0 5792.0 0.0 128.0 128.0)
 (LD39::CRATE-0 #:|6187| 7168.0 5792.0 0.0 128.0 128.0)
 (LD39::CRATE-0 #:|6188| 7200.0 5664.0 0.0 128.0 128.0)
 (LD39::CRATE-0 #:|6189| 7008.0 5664.0 0.0 128.0 128.0)
 (LD39::CRATE-0 #:|6190| 6848.0 5664.0 0.0 128.0 128.0)
 (LD39::CRATE-0 #:|6191| 6656.0 5664.0 0.0 128.0 128.0)
 (LD39::CRATE-0 #:|6192| 6496.0 5664.0 0.0 128.0 128.0)
 (LD39::CRATE-0 #:|6193| 6336.0 5664.0 0.0 128.0 128.0)
 (LD39::CRATE-0 #:|6194| 6176.0 5664.0 0.0 128.0 128.0)
 (LD39::CRATE-0 #:|6195| 5984.0 5664.0 0.0 128.0 128.0)
 (LD39::CRATE-0 #:|6196| 5856.0 5664.0 0.0 128.0 128.0)
 (LD39::CRATE-0 #:|6197| 5664.0 5664.0 0.0 128.0 128.0)
 (LD39::CRATE-0 #:|6198| 5504.0 5664.0 0.0 128.0 128.0)
 (LD39::CRATE-0 #:|6199| 5376.0 5664.0 0.0 128.0 128.0)
 (LD39::CRATE-0 #:|6200| 5216.0 5664.0 0.0 128.0 128.0)
 (LD39::CRATE-0 #:|6201| 5088.0 5664.0 0.0 128.0 128.0)
 (LD39::CRATE-0 #:|6202| 4672.0 5792.0 0.0 128.0 128.0)
 (LD39::CRATE-0 #:|6203| 4768.0 5664.0 0.0 128.0 128.0)
 (LD39::CRATE-0 #:|6204| 4960.0 5664.0 0.0 128.0 128.0)
 (LD39::CRATE-0 #:|6205| 4864.0 5536.0 0.0 128.0 128.0)
 (LD39::CRATE-0 #:|6208| 4864.0 5792.0 0.0 128.0 128.0)
 (LD39::CRATE-0 #:|6209| 4992.0 5536.0 0.0 128.0 128.0)
 (LD39::CRATE-0 #:|6210| 5152.0 5536.0 0.0 128.0 128.0)
 (LD39::CRATE-0 #:|6211| 5312.0 5536.0 0.0 128.0 128.0)
 (LD39::CRATE-0 #:|6212| 5568.0 5536.0 0.0 128.0 128.0)
 (LD39::CRATE-0 #:|6213| 5440.0 5536.0 0.0 128.0 128.0)
 (LD39::CRATE-0 #:|6215| 5920.0 5536.0 0.0 128.0 128.0)
 (LD39::CRATE-0 #:|6216| 6080.0 5536.0 0.0 128.0 128.0)
 (LD39::CRATE-0 #:|6217| 6240.0 5536.0 0.0 128.0 128.0)
 (LD39::CRATE-0 #:|6218| 6432.0 5536.0 0.0 128.0 128.0)
 (LD39::CRATE-0 #:|6219| 6592.0 5536.0 0.0 128.0 128.0)
 (LD39::CRATE-0 #:|6220| 6752.0 5536.0 0.0 128.0 128.0)
 (LD39::CRATE-0 #:|6221| 6912.0 5536.0 0.0 128.0 128.0)
 (LD39::CRATE-0 #:|6222| 7104.0 5536.0 0.0 128.0 128.0)
 (LD39::CRATE-0 #:|6223| 7296.0 5536.0 0.0 128.0 128.0)
 (LD39::CRATE-0 #:|6224| 4896.0 5408.0 0.0 128.0 128.0)
 (LD39::CRATE-0 #:|6225| 5056.0 5408.0 0.0 128.0 128.0)
 (LD39::CRATE-0 #:|6226| 5248.0 5408.0 0.0 128.0 128.0)
 (LD39::CRATE-0 #:|6227| 5376.0 5408.0 0.0 128.0 128.0)
 (LD39::CRATE-0 #:|6228| 5504.0 5408.0 0.0 128.0 128.0)
 (LD39::CRATE-0 #:|6229| 5664.0 5408.0 0.0 128.0 128.0)
 (LD39::CRATE-0 #:|6230| 5792.0 5408.0 0.0 128.0 128.0)
 (LD39::CRATE-0 #:|6231| 5920.0 5408.0 0.0 128.0 128.0)
 (LD39::CRATE-0 #:|6232| 6048.0 5408.0 0.0 128.0 128.0)
 (LD39::CRATE-0 #:|6233| 6176.0 5408.0 0.0 128.0 128.0)
 (LD39::CRATE-0 #:|6235| 6528.0 5408.0 0.0 128.0 128.0)
 (LD39::CRATE-0 #:|6236| 6688.0 5408.0 0.0 128.0 128.0)
 (LD39::CRATE-0 #:|6237| 6848.0 5408.0 0.0 128.0 128.0)
 (LD39::CRATE-0 #:|6238| 7008.0 5408.0 0.0 128.0 128.0)
 (LD39::CRATE-0 #:|6239| 7200.0 5408.0 0.0 128.0 128.0)
 (LD39::CRATE-0 #:|6240| 7456.0 5408.0 0.0 128.0 128.0)
 (LD39::CRATE-0 #:|6241| 7328.0 5408.0 0.0 128.0 128.0)
 (LD39::CRATE-0 #:|6242| 4960.0 5280.0 0.0 128.0 128.0)
 (LD39::CRATE-0 #:|6243| 5152.0 5280.0 0.0 128.0 128.0)
 (LD39::CRATE-0 #:|6244| 5056.0 5152.0 0.0 128.0 128.0)
 (LD39::CRATE-0 #:|6245| 5184.0 5152.0 0.0 128.0 128.0)
 (LD39::CRATE-0 #:|6246| 5280.0 5280.0 0.0 128.0 128.0)
 (LD39::CRATE-0 #:|6247| 5344.0 5152.0 0.0 128.0 128.0)
 (LD39::CRATE-0 #:|6250| 5440.0 5280.0 0.0 128.0 128.0)
 (LD39::CRATE-0 #:|6251| 5568.0 5280.0 0.0 128.0 128.0)
 (LD39::CRATE-0 #:|6252| 5504.0 5152.0 0.0 128.0 128.0)
 (LD39::CRATE-0 #:|6253| 5728.0 5280.0 0.0 128.0 128.0)
 (LD39::CRATE-0 #:|6254| 5888.0 5280.0 0.0 128.0 128.0)
 (LD39::CRATE-0 #:|6255| 6016.0 5280.0 0.0 128.0 128.0)
 (LD39::CRATE-0 #:|6256| 6176.0 5280.0 0.0 128.0 128.0)
 (LD39::CRATE-0 #:|6257| 6336.0 5280.0 0.0 128.0 128.0)
 (LD39::CRATE-0 #:|6258| 6592.0 5280.0 0.0 128.0 128.0)
 (LD39::CRATE-0 #:|6259| 6464.0 5280.0 0.0 128.0 128.0)
 (LD39::CRATE-0 #:|6260| 6784.0 5280.0 0.0 128.0 128.0)
 (LD39::CRATE-0 #:|6262| 7104.0 5280.0 0.0 128.0 128.0)
 (LD39::CRATE-0 #:|6263| 7232.0 5280.0 0.0 128.0 128.0)
 (LD39::CRATE-0 #:|6264| 7392.0 5280.0 0.0 128.0 128.0)
 (LD39::CRATE-0 #:|6265| 7520.0 5280.0 0.0 128.0 128.0)
 (LD39::CRATE-0 #:|6266| 7552.0 5152.0 0.0 128.0 128.0)
 (LD39::CRATE-0 #:|6267| 7424.0 5152.0 0.0 128.0 128.0)
 (LD39::CRATE-0 #:|6268| 7296.0 5152.0 0.0 128.0 128.0)
 (LD39::CRATE-0 #:|6269| 7136.0 5152.0 0.0 128.0 128.0)
 (LD39::CRATE-0 #:|6270| 7008.0 5152.0 0.0 128.0 128.0)
 (LD39::CRATE-0 #:|6271| 6848.0 5152.0 0.0 128.0 128.0)
 (LD39::CRATE-0 #:|6272| 6688.0 5152.0 0.0 128.0 128.0)
 (LD39::CRATE-0 #:|6273| 6528.0 5152.0 0.0 128.0 128.0)
 (LD39::CRATE-0 #:|6274| 6400.0 5152.0 0.0 128.0 128.0)
 (LD39::CRATE-0 #:|6275| 6272.0 5152.0 0.0 128.0 128.0)
 (LD39::CRATE-0 #:|6276| 6112.0 5152.0 0.0 128.0 128.0)
 (LD39::CRATE-0 #:|6277| 5984.0 5152.0 0.0 128.0 128.0)
 (LD39::CRATE-0 #:|6278| 5824.0 5152.0 0.0 128.0 128.0)
 (LD39::CRATE-0 #:|6279| 5664.0 5152.0 0.0 128.0 128.0)
 (LD39::CRATE-0 #:|6280| 5152.0 5024.0 0.0 128.0 128.0)
 (LD39::CRATE-0 #:|6281| 5280.0 5024.0 0.0 128.0 128.0)
 (LD39::CRATE-0 #:|6282| 5440.0 5024.0 0.0 128.0 128.0)
 (LD39::CRATE-0 #:|6283| 5600.0 5024.0 0.0 128.0 128.0)
 (LD39::CRATE-0 #:|6285| 5920.0 5024.0 0.0 128.0 128.0)
 (LD39::CRATE-0 #:|6286| 5344.0 4896.0 0.0 128.0 128.0)
 (LD39::CRATE-0 #:|6287| 5536.0 4896.0 0.0 128.0 128.0)
 (LD39::CRATE-0 #:|6288| 5696.0 4896.0 0.0 128.0 128.0)
 (LD39::CRATE-0 #:|6289| 5856.0 4896.0 0.0 128.0 128.0)
 (LD39::CRATE-0 #:|6290| 5792.0 4768.0 0.0 128.0 128.0)
 (LD39::CRATE-0 #:|6291| 6080.0 5024.0 0.0 128.0 128.0)
 (LD39::CRATE-0 #:|6292| 6208.0 5024.0 0.0 128.0 128.0)
 (LD39::CRATE-0 #:|6293| 6336.0 5024.0 0.0 128.0 128.0)
 (LD39::CRATE-0 #:|6294| 6496.0 5024.0 0.0 128.0 128.0)
 (LD39::CRATE-0 #:|6295| 6624.0 5024.0 0.0 128.0 128.0)
 (LD39::CRATE-0 #:|6296| 6016.0 4896.0 0.0 128.0 128.0)
 (LD39::CRATE-0 #:|6297| 5952.0 4768.0 0.0 128.0 128.0)
 (LD39::CRATE-0 #:|6298| 6176.0 4896.0 0.0 128.0 128.0)
 (LD39::CRATE-0 #:|6299| 6432.0 4896.0 0.0 128.0 128.0)
 (LD39::CRATE-0 #:|6300| 6560.0 4896.0 0.0 128.0 128.0)
 (LD39::CRATE-0 #:|6301| 6304.0 4896.0 0.0 128.0 128.0)
 (LD39::CRATE-0 #:|6302| 6112.0 4768.0 0.0 128.0 128.0)
 (LD39::CRATE-0 #:|6303| 6784.0 5024.0 0.0 128.0 128.0)
 (LD39::CRATE-0 #:|6304| 6720.0 4896.0 0.0 128.0 128.0)
 (LD39::CRATE-0 #:|6305| 6944.0 5024.0 0.0 128.0 128.0)
 (LD39::CRATE-0 #:|6306| 7072.0 5024.0 0.0 128.0 128.0)
 (LD39::CRATE-0 #:|6307| 7232.0 5024.0 0.0 128.0 128.0)
 (LD39::CRATE-0 #:|6308| 7392.0 5024.0 0.0 128.0 128.0)
 (LD39::CRATE-0 #:|6309| 7520.0 5024.0 0.0 128.0 128.0)
 (LD39::CRATE-0 #:|6310| 7648.0 5024.0 0.0 128.0 128.0)
 (LD39::CRATE-0 #:|6311| 7712.0 4896.0 0.0 128.0 128.0)
 (LD39::CRATE-0 #:|6312| 7552.0 4896.0 0.0 128.0 128.0)
 (LD39::CRATE-0 #:|6313| 7424.0 4896.0 0.0 128.0 128.0)
 (LD39::CRATE-0 #:|6315| 7168.0 4896.0 0.0 128.0 128.0)
 (LD39::CRATE-0 #:|6316| 7008.0 4896.0 0.0 128.0 128.0)
 (LD39::CRATE-0 #:|6318| 6272.0 4768.0 0.0 128.0 128.0)
 (LD39::CRATE-0 #:|6319| 6496.0 4768.0 0.0 128.0 128.0)
 (LD39::CRATE-0 #:|6320| 6624.0 4768.0 0.0 128.0 128.0)
 (LD39::CRATE-0 #:|6321| 6304.0 4640.0 0.0 128.0 128.0)
 (LD39::CRATE-0 #:|6322| 6432.0 4640.0 0.0 128.0 128.0)
 (LD39::CRATE-0 #:|6323| 6176.0 4640.0 0.0 128.0 128.0)
 (LD39::CRATE-0 #:|6324| 5856.0 4640.0 0.0 128.0 128.0)
 (LD39::CRATE-0 #:|6325| 5600.0 4768.0 0.0 128.0 128.0)
 (LD39::CRATE-0 #:|6326| 5440.0 4768.0 0.0 128.0 128.0)
 (LD39::CRATE-0 #:|6327| 5696.0 4640.0 0.0 128.0 128.0)
 (LD39::CRATE-0 #:|6328| 5696.0 4640.0 0.0 128.0 128.0)
 (LD39::CRATE-0 #:|6379| 6784.0 4768.0 0.0 128.0 128.0)
 (LD39::CRATE-0 #:|6380| 6688.0 4640.0 0.0 128.0 128.0)
 (LD39::CRATE-0 #:|6381| 6560.0 4640.0 0.0 128.0 128.0)
 (LD39::CRATE-0 #:|6382| 6368.0 4512.0 0.0 128.0 128.0)
 (LD39::CRATE-0 #:|6383| 6240.0 4512.0 0.0 128.0 128.0)
 (LD39::CRATE-0 #:|6384| 6016.0 4640.0 0.0 128.0 128.0)
 (LD39::CRATE-0 #:|6385| 5920.0 4512.0 0.0 128.0 128.0)
 (LD39::CRATE-0 #:|6386| 6848.0 4640.0 0.0 128.0 128.0)
 (LD39::CRATE-0 #:|6387| 6944.0 4768.0 0.0 128.0 128.0)
 (LD39::CRATE-0 #:|6388| 7072.0 4768.0 0.0 128.0 128.0)
 (LD39::CRATE-0 #:|6389| 7264.0 4768.0 0.0 128.0 128.0)
 (LD39::CRATE-0 #:|6390| 7392.0 4768.0 0.0 128.0 128.0)
 (LD39::CRATE-0 #:|6391| 7520.0 4768.0 0.0 128.0 128.0)
 (LD39::CRATE-0 #:|6392| 7648.0 4768.0 0.0 128.0 128.0)
 (LD39::CRATE-0 #:|6393| 7808.0 4768.0 0.0 128.0 128.0)
 (LD39::CRATE-0 #:|6394| 7904.0 4640.0 0.0 128.0 128.0)
 (LD39::CRATE-0 #:|6396| 7552.0 4640.0 0.0 128.0 128.0)
 (LD39::CRATE-0 #:|6397| 7424.0 4640.0 0.0 128.0 128.0)
 (LD39::CRATE-0 #:|6398| 7296.0 4640.0 0.0 128.0 128.0)
 (LD39::CRATE-0 #:|6399| 7168.0 4640.0 0.0 128.0 128.0)
 (LD39::CRATE-0 #:|6400| 7008.0 4640.0 0.0 128.0 128.0)
 (LD39::CRATE-0 #:|6401| 6624.0 4512.0 0.0 128.0 128.0)
 (LD39::CRATE-0 #:|6402| 6496.0 4512.0 0.0 128.0 128.0)
 (LD39::CRATE-0 #:|6403| 6784.0 4512.0 0.0 128.0 128.0)
 (LD39::CRATE-0 #:|6404| 6944.0 4512.0 0.0 128.0 128.0)
 (LD39::CRATE-0 #:|6405| 7104.0 4512.0 0.0 128.0 128.0)
 (LD39::CRATE-0 #:|6406| 7264.0 4512.0 0.0 128.0 128.0)
 (LD39::CRATE-0 #:|6407| 7456.0 4512.0 0.0 128.0 128.0)
 (LD39::CRATE-0 #:|6408| 7616.0 4512.0 0.0 128.0 128.0)
 (LD39::CRATE-0 #:|6409| 7808.0 4512.0 0.0 128.0 128.0)
 (LD39::CRATE-0 #:|6410| 8000.0 4512.0 0.0 128.0 128.0)
 (LD39::CRATE-0 #:|6411| 6432.0 4384.0 0.0 128.0 128.0)
 (LD39::CRATE-0 #:|6412| 6592.0 4384.0 0.0 128.0 128.0)
 (LD39::CRATE-0 #:|6413| 6720.0 4384.0 0.0 128.0 128.0)
 (LD39::CRATE-0 #:|6414| 6880.0 4384.0 0.0 128.0 128.0)
 (LD39::CRATE-0 #:|6415| 7040.0 4384.0 0.0 128.0 128.0)
 (LD39::CRATE-0 #:|6416| 7168.0 4384.0 0.0 128.0 128.0)
 (LD39::CRATE-0 #:|6418| 7552.0 4384.0 0.0 128.0 128.0)
 (LD39::CRATE-0 #:|6419| 7712.0 4384.0 0.0 128.0 128.0)
 (LD39::CRATE-0 #:|6420| 7904.0 4384.0 0.0 128.0 128.0)
 (LD39::CRATE-0 #:|6421| 7616.0 4256.0 0.0 128.0 128.0)
 (LD39::CRATE-0 #:|6422| 7456.0 4256.0 0.0 128.0 128.0)
 (LD39::CRATE-0 #:|6423| 7264.0 4256.0 0.0 128.0 128.0)
 (LD39::CRATE-0 #:|6424| 7104.0 4256.0 0.0 128.0 128.0)
 (LD39::CRATE-0 #:|6425| 6944.0 4256.0 0.0 128.0 128.0)
 (LD39::CRATE-0 #:|6426| 6784.0 4256.0 0.0 128.0 128.0)
 (LD39::CRATE-0 #:|6427| 6656.0 4256.0 0.0 128.0 128.0)
 (LD39::CRATE-0 #:|6428| 6496.0 4256.0 0.0 128.0 128.0)
 (LD39::CRATE-0 #:|6429| 6592.0 4128.0 0.0 128.0 128.0)
 (LD39::CRATE-0 #:|6430| 6848.0 4128.0 0.0 128.0 128.0)
 (LD39::CRATE-0 #:|6431| 6720.0 4128.0 0.0 128.0 128.0)
 (LD39::CRATE-0 #:|6433| 7200.0 4128.0 0.0 128.0 128.0)
 (LD39::CRATE-0 #:|6434| 7360.0 4128.0 0.0 128.0 128.0)
 (LD39::CRATE-0 #:|6435| 7520.0 4128.0 0.0 128.0 128.0)
 (LD39::CRATE-0 #:|6436| 7808.0 4256.0 0.0 128.0 128.0)
 (LD39::CRATE-0 #:|6437| 6272.0 4384.0 0.0 128.0 128.0)
 (LD39::CRATE-1 #:|6447| 5760.0 5536.0 0.0 128.0 128.0)
 (LD39::CRATE-1 #:|6449| 6336.0 5408.0 0.0 128.0 128.0)
 (LD39::CRATE-1 #:|6451| 6944.0 5280.0 0.0 128.0 128.0)
 (LD39::CRATE-1 #:|6453| 7296.0 4896.0 0.0 128.0 128.0)
 (LD39::CRATE-1 #:|6455| 7712.0 4640.0 0.0 128.0 128.0)
 (LD39::CRATE-1 #:|6457| 7360.0 4384.0 0.0 128.0 128.0)
 (LD39::CRATE-1 #:|6459| 8256.0 4640.0 0.0 128.0 128.0)
 (LD39::CRATE-1 #:|6461| 7040.0 4128.0 0.0 128.0 128.0)
 (LD39::CRATE-1 #:|6463| 8960.0 4896.0 0.0 128.0 128.0)
 (LD39::CRATE-1 #:|6465| 9152.0 4512.0 0.0 128.0 128.0)
 (LD39::CRATE-1 #:|6467| 9728.0 5152.0 0.0 128.0 128.0)
 (LD39::CRATE-1 #:|6469| 10368.0 4896.0 0.0 128.0 128.0)
 (LD39::CRATE-1 #:|6471| 10272.0 4256.0 0.0 128.0 128.0)
 (LD39::CRATE-1 #:|6475| 9792.0 4256.0 0.0 128.0 128.0)
 (LD39::CRATE-1 #:|6477| 9984.0 3744.0 0.0 128.0 128.0)
 (LD39::CRATE-1 #:|6479| 9408.0 3488.0 0.0 128.0 128.0)
 (LD39::CRATE-1 #:|6481| 9664.0 3104.0 0.0 128.0 128.0)
 (LD39::CRATE-1 #:|6483| 10272.0 2976.0 0.0 128.0 128.0)
 (LD39::CRATE-1 #:|6485| 10208.0 2592.0 0.0 128.0 128.0)
 (LD39::CRATE-1 #:|6487| 9888.0 2336.0 0.0 128.0 128.0)
 (LD39::CRATE-1 #:|6489| 5760.0 5024.0 0.0 128.0 128.0)
 (LD39::EXIT #:|1347| 7424.0 1248.0 0.0 128.0 192.0)
 (LD39::PLAYER :PLAYER 32.0 448.0 0.0 128.0 128.0))
(LD39::LIGHT-TIMER :LIGHT-TIMER 1800 300)
